1000 5000
0 352 2
0 190 5
857 999 1
731 999 8
737 580 3
243 645 10
909 278 6
239 47 5
814 720 1
742 163 7
311 4 8
701 107 9
542 63 5
840 492 1
329 657 5
981 136 5
91 236 2
368 35 7
657 702 10
744 184 2
697 100 4
730 214 6
440 801 1
632 948 6
931 782 3
883 784 5
168 604 10
478 182 1
643 958 3
513 827 9
852 231 3
102 987 7
351 980 3
701 260 6
619 360 7
298 777 2
910 83 6
889 642 8
194 11 4
530 412 4
88 882 7
471 787 3
236 290 5
210 897 9
181 936 10
784 61 6
243 463 10
226 244 10
18 106 8
725 430 5
699 823 9
728 396 7
642 893 6
599 97 3
314 878 5
911 741 7
649 863 9
207 215 9
592 417 5
762 528 4
486 659 10
490 381 3
598 994 5
473 512 6
175 940 5
388 666 9
606 355 3
345 405 8
698 925 4
820 639 2
374 265 9
686 172 3
832 16 7
960 285 9
60 66 3
283 865 10
489 222 1
195 894 6
284 219 9
624 609 8
562 860 8
324 851 5
542 884 8
72 455 10
999 185 8
730 887 2
112 406 8
728 153 1
224 284 9
362 645 6
736 388 6
670 438 10
143 708 7
457 455 10
728 724 10
742 221 9
855 919 6
12 985 5
731 33 10
22 955 8
688 574 1
874 277 2
166 233 10
242 638 8
168 787 5
688 287 4
604 764 10
244 440 2
324 200 10
409 791 10
232 997 7
915 93 2
918 964 8
330 697 6
746 825 4
184 582 5
202 173 8
562 769 3
567 545 2
118 947 4
850 237 7
421 334 3
144 469 4
456 863 5
610 803 3
770 603 4
581 177 7
20 209 1
445 76 7
871 296 9
330 771 6
140 923 10
815 555 6
546 241 5
82 576 5
204 558 8
15 529 3
373 76 5
429 627 9
619 994 1
248 301 9
315 97 2
214 810 4
869 802 1
359 883 2
558 677 6
853 846 4
963 741 10
837 930 3
427 556 9
198 272 10
402 849 1
880 933 8
65 595 4
802 345 7
841 516 7
932 131 5
113 422 4
691 188 3
904 821 6
243 291 6
869 622 2
969 696 2
96 316 4
537 401 7
363 882 1
752 574 2
445 233 8
938 420 6
525 691 2
101 507 4
464 966 6
836 591 5
977 850 8
723 736 10
146 378 9
307 333 5
157 228 8
324 399 6
80 310 8
201 550 2
295 752 7
534 712 8
357 323 3
902 132 7
355 724 1
374 563 8
731 427 6
160 672 2
335 121 4
217 264 1
526 176 2
249 826 2
310 487 2
155 149 5
28 164 6
40 399 6
348 573 4
657 288 10
534 506 10
356 105 1
849 797 6
246 986 6
934 494 6
250 9 8
36 3 3
850 771 1
582 95 7
573 17 3
204 929 9
293 368 6
330 503 4
412 220 9
913 105 4
205 666 10
927 401 10
616 716 5
662 751 6
419 913 3
556 3 9
813 440 10
581 546 5
660 294 9
18 403 1
870 724 4
459 867 9
51 740 9
103 71 3
888 716 3
894 381 10
643 164 2
854 715 5
297 385 1
529 518 1
832 452 5
899 33 10
702 679 1
271 560 6
153 313 5
622 131 5
544 455 1
0 710 4
509 678 2
870 672 7
645 66 9
643 600 3
494 546 8
908 999 2
88 996 8
535 280 6
950 173 4
700 681 6
796 604 8
792 785 3
431 203 1
58 80 10
507 22 2
911 864 1
698 710 8
990 649 2
692 333 10
63 461 7
799 308 10
490 788 10
229 573 8
437 982 6
707 273 10
235 100 8
444 660 7
716 279 8
844 240 8
9 973 5
323 146 2
98 713 2
171 293 2
314 363 2
428 727 2
389 470 5
828 279 3
451 642 2
204 684 8
535 660 9
590 913 7
414 308 5
11 868 7
439 502 3
655 659 5
192 263 10
313 538 2
243 185 8
478 552 6
588 208 9
32 247 1
146 692 1
577 5 4
351 583 3
133 90 9
593 115 7
370 234 5
361 273 1
993 958 3
30 623 9
228 254 1
732 69 2
116 984 5
570 397 8
25 450 1
88 631 2
186 169 1
778 463 4
527 452 9
823 422 3
374 125 5
318 407 1
976 547 9
982 759 10
216 103 4
519 512 6
235 39 7
401 770 6
209 906 8
904 882 3
836 875 6
0 686 7
628 913 2
460 567 2
170 494 1
561 484 5
835 320 4
877 689 4
10 205 7
26 446 9
621 779 2
107 963 2
385 457 7
220 736 3
877 918 6
533 900 10
706 158 10
29 597 3
40 759 5
583 355 5
811 711 4
411 224 6
484 766 10
976 873 6
415 638 5
129 816 4
130 228 1
794 604 6
165 633 3
922 706 6
151 867 4
370 330 4
246 519 2
759 844 4
762 938 8
410 336 5
133 987 4
85 243 7
580 707 7
985 619 3
779 79 5
350 318 9
88 39 6
946 30 10
111 190 7
783 313 8
192 866 1
919 644 7
329 932 4
235 267 2
848 580 5
411 715 2
39 406 5
979 190 5
97 884 2
615 169 2
789 451 8
690 288 3
795 343 8
279 626 10
89 105 6
315 246 8
642 809 8
537 463 10
427 924 1
302 695 10
945 26 5
782 392 6
256 948 2
612 70 10
862 106 9
643 503 2
327 945 5
107 152 7
619 119 8
769 616 6
103 121 9
313 568 2
423 880 5
501 196 10
337 790 2
165 586 3
506 5 10
623 920 9
214 491 5
175 436 2
903 565 9
194 334 5
711 758 10
516 388 7
184 113 9
991 804 6
115 206 3
785 666 5
499 549 10
371 257 8
815 744 2
700 195 1
841 171 5
308 912 7
692 608 1
691 981 6
496 386 1
66 426 1
581 520 3
271 767 1
147 873 10
382 529 3
393 572 9
222 355 5
94 555 5
161 374 8
587 489 10
993 754 3
491 511 9
518 419 1
732 669 3
291 23 4
426 923 8
611 757 9
929 889 9
645 356 5
56 394 3
933 326 6
873 732 1
751 622 4
865 377 5
802 464 3
275 714 8
628 178 8
439 103 3
461 747 4
328 741 7
105 385 8
950 279 8
665 0 5
774 826 2
795 792 1
788 882 5
797 792 6
40 114 7
638 515 7
534 696 8
415 608 3
698 21 10
204 786 3
657 752 5
759 248 1
378 792 8
264 170 2
973 581 1
33 848 7
983 40 5
710 332 4
68 122 10
338 164 1
831 732 3
663 680 2
475 342 8
875 593 9
77 768 3
595 544 7
472 980 2
514 560 5
411 689 7
511 930 7
922 479 4
13 662 2
729 118 6
656 161 1
578 967 7
92 97 6
60 393 1
852 35 2
764 230 10
186 546 5
638 351 1
448 325 1
281 880 7
52 798 7
578 506 1
937 727 10
836 394 1
486 957 4
107 822 6
603 482 8
134 437 9
161 154 10
853 971 4
76 97 4
173 788 8
146 968 2
400 882 5
692 249 1
337 929 9
218 394 5
628 393 4
595 976 2
996 585 1
220 613 4
65 705 2
864 990 5
937 397 6
505 800 7
219 70 1
449 918 7
367 601 9
916 205 6
410 81 7
699 268 4
109 792 1
821 351 9
152 189 6
890 167 8
427 931 7
550 1 4
67 697 4
370 130 1
73 953 9
324 578 1
640 38 10
851 281 7
146 880 4
101 829 4
287 594 10
210 467 8
274 906 5
430 793 2
97 188 9
35 535 6
755 365 6
648 693 6
178 738 4
946 507 6
604 13 10
402 77 5
902 391 1
499 647 3
18 459 4
627 510 10
335 745 4
240 334 2
538 985 7
705 288 8
908 531 6
168 316 6
175 369 2
622 50 2
883 358 5
584 324 3
983 686 2
466 759 7
313 829 3
923 79 6
969 336 2
643 381 6
151 498 1
811 604 6
905 852 9
637 623 3
766 776 6
170 218 5
444 282 8
133 372 1
486 6 2
755 910 5
35 149 3
698 957 7
835 502 10
36 722 5
450 190 2
138 79 9
961 383 2
837 468 1
219 207 3
981 165 6
193 551 6
603 555 3
47 519 5
374 53 8
956 148 10
608 763 2
225 545 9
970 293 8
160 270 9
823 712 7
222 173 8
152 894 3
874 632 8
517 323 3
53 528 2
154 209 7
462 286 1
29 819 3
619 804 6
372 601 9
469 312 9
443 887 3
61 769 7
280 831 3
329 780 1
177 272 1
208 471 4
57 531 7
561 17 2
756 577 4
478 620 5
91 824 8
308 524 6
236 162 2
84 937 9
133 22 1
104 596 5
948 943 2
92 656 5
897 479 3
406 892 3
376 474 3
818 133 5
430 990 10
868 897 10
100 10 5
188 313 10
554 673 4
438 322 4
846 317 2
52 562 5
113 64 6
234 131 10
713 689 4
33 61 1
713 121 1
700 924 9
709 178 7
272 670 4
3 55 7
840 975 1
695 177 10
483 798 2
402 334 5
339 223 6
827 437 2
939 468 4
521 831 4
79 0 10
505 223 8
495 328 9
305 985 3
40 231 4
745 655 3
408 925 3
193 898 8
690 257 10
762 365 2
628 111 6
314 600 1
896 322 9
396 364 4
333 909 2
956 250 6
944 120 4
819 532 8
830 662 4
196 762 5
600 625 9
746 373 10
474 713 7
717 296 5
173 721 5
97 606 7
63 263 6
471 274 1
300 902 2
818 820 8
100 432 2
877 914 9
625 570 6
198 838 8
592 891 6
831 945 9
775 116 9
721 472 10
418 726 2
794 962 8
907 193 2
80 230 2
982 507 4
699 949 9
764 165 9
596 28 4
719 739 1
398 775 6
498 888 3
816 244 4
112 121 3
759 926 5
606 491 2
633 403 9
157 213 7
417 486 10
98 929 1
715 482 10
777 263 7
559 276 6
534 531 8
558 255 8
368 59 9
928 209 2
778 816 8
840 183 9
676 792 3
515 312 3
260 223 9
242 248 5
339 927 3
216 397 3
212 404 1
185 678 2
841 170 9
907 220 4
711 32 8
340 784 4
235 543 8
127 945 1
458 7 2
55 163 2
832 619 7
719 997 4
54 213 2
101 221 10
92 842 5
404 828 5
56 810 4
420 417 3
236 801 1
397 809 5
359 277 8
763 808 8
580 178 4
710 349 7
421 188 4
261 325 2
298 938 4
875 457 9
538 865 3
184 835 8
262 137 6
299 987 8
759 8 3
346 976 8
508 281 5
864 418 5
510 627 6
754 485 1
722 525 6
582 215 3
278 86 10
283 444 10
937 382 4
795 307 2
989 865 7
251 757 7
954 493 10
121 888 4
692 910 3
972 832 7
919 574 2
221 357 10
238 866 3
530 65 6
153 984 8
110 730 1
966 556 7
782 0 7
288 839 3
19 650 8
41 934 4
300 252 7
425 442 3
898 356 10
500 228 10
24 802 3
576 771 9
945 151 2
954 716 8
200 362 10
147 435 7
89 43 5
245 480 10
650 993 7
672 950 10
57 392 2
192 639 4
683 153 2
462 312 3
653 451 6
845 938 8
870 805 8
223 660 10
24 771 6
429 136 9
579 115 5
67 440 5
103 451 1
401 438 4
545 683 3
695 726 4
11 245 2
731 251 10
847 88 5
826 377 3
65 442 10
694 778 9
483 865 8
230 438 4
58 449 4
95 399 3
264 812 5
975 615 1
772 835 9
961 513 8
14 804 2
706 835 10
155 515 4
296 359 4
33 10 7
958 770 3
320 585 7
557 479 6
455 618 7
668 818 8
433 107 8
10 812 8
579 832 1
163 320 8
720 941 5
100 966 4
346 53 7
1 865 1
162 477 2
442 959 7
3 756 3
86 276 8
71 799 2
934 750 1
567 658 6
529 318 3
486 541 1
898 56 3
959 292 7
705 414 10
407 321 9
1 390 10
724 158 8
925 511 2
78 265 3
40 907 7
943 60 9
91 915 5
18 728 2
465 492 2
403 211 4
585 218 1
154 891 3
777 628 8
243 105 6
526 559 3
325 402 2
672 864 9
185 39 9
375 181 7
525 778 1
4 240 10
40 522 10
660 832 3
594 711 4
293 752 2
523 641 4
397 698 5
617 873 7
668 904 10
412 739 7
493 566 4
60 213 1
727 583 6
873 538 1
184 536 1
654 116 5
856 851 9
236 42 9
189 990 6
271 130 10
127 912 8
680 292 4
964 648 1
424 277 8
887 314 3
234 188 7
23 305 10
706 250 5
613 486 5
100 238 4
912 452 9
323 25 5
616 33 10
657 197 6
968 161 2
973 664 6
523 629 4
589 158 3
522 660 4
608 241 7
413 126 9
352 649 2
713 654 4
158 984 4
803 368 3
701 864 6
525 910 10
27 865 3
533 389 5
219 93 5
132 714 1
111 939 4
855 994 3
752 888 2
982 690 4
294 792 10
847 349 1
284 402 7
487 5 3
758 520 8
445 979 6
193 765 2
472 307 9
53 603 5
140 598 3
908 156 9
883 710 4
719 59 5
512 446 2
827 615 3
516 894 9
292 157 8
448 249 4
857 404 5
766 819 1
807 896 3
962 615 5
237 978 4
649 698 1
383 316 8
145 549 1
239 391 8
479 794 2
214 549 1
787 915 9
49 135 7
785 151 4
175 340 2
748 971 6
560 84 10
155 733 10
438 525 5
112 694 7
897 371 4
773 463 6
832 720 7
651 338 4
383 598 4
491 394 3
265 180 1
983 707 7
209 894 7
315 745 5
350 477 3
256 784 6
336 849 3
148 717 6
360 286 8
14 823 10
200 376 10
629 894 1
924 217 4
215 626 2
482 38 9
838 706 5
277 193 2
217 626 7
671 329 5
516 741 1
617 449 9
743 432 2
280 793 9
355 782 8
954 757 2
612 851 2
501 793 3
735 218 2
3 962 1
229 866 6
631 65 4
82 0 1
983 417 6
444 834 8
952 27 6
841 521 4
716 276 10
598 102 2
780 119 5
752 736 8
240 91 7
118 412 3
144 190 2
879 535 6
93 448 1
141 882 2
34 206 9
496 711 9
655 781 1
172 952 4
346 220 2
598 3 2
356 770 4
785 504 4
576 759 4
441 496 3
207 43 6
891 453 10
926 369 1
71 191 2
983 112 10
6 326 6
845 204 8
403 836 10
430 725 5
396 893 4
102 116 6
900 42 7
244 968 1
865 566 5
246 714 2
438 447 5
5 631 2
293 257 5
859 425 5
373 70 5
55 458 7
866 486 3
176 520 8
285 133 10
239 997 10
236 941 8
647 555 5
262 489 1
594 825 5
610 239 2
617 587 6
979 354 2
494 952 4
983 447 8
740 889 1
134 315 3
360 204 7
464 963 5
787 782 4
157 620 4
863 351 10
780 565 6
370 505 4
344 448 6
623 684 5
694 916 2
604 833 10
840 322 7
670 637 10
183 481 4
13 440 1
113 976 8
416 946 6
794 712 2
946 704 10
714 876 7
589 640 7
634 469 10
446 879 2
331 190 6
543 9 4
969 971 10
970 210 3
186 309 2
442 451 9
395 137 3
438 713 1
2 77 8
253 841 6
977 941 4
969 952 8
750 638 3
991 796 3
682 380 7
217 199 5
471 254 3
534 893 5
821 898 7
521 942 10
430 689 3
278 536 10
72 487 10
56 681 10
842 621 4
200 807 2
970 381 4
935 470 6
338 203 7
316 217 2
550 84 7
625 577 4
244 216 9
210 835 8
110 577 2
217 86 2
616 367 10
210 806 4
754 850 4
960 121 10
829 9 10
902 752 2
611 412 2
78 766 3
292 132 3
986 34 1
282 184 9
189 539 3
683 646 6
69 280 4
192 146 1
711 607 2
826 943 3
713 975 6
149 251 8
362 664 8
21 387 2
78 309 6
492 556 6
348 651 7
384 751 6
714 786 10
714 112 9
38 173 1
341 723 9
437 51 6
985 819 9
658 485 1
428 937 10
741 766 7
847 928 5
925 456 5
429 370 6
606 382 2
835 684 7
939 574 9
954 153 8
980 136 1
869 631 5
117 107 4
43 371 4
864 448 4
317 455 5
571 758 4
8 960 8
606 302 1
859 431 7
213 659 1
28 937 9
537 289 2
488 19 4
599 820 7
810 803 7
50 895 3
6 198 8
872 94 4
92 362 2
317 381 9
923 850 3
51 723 10
366 303 5
844 59 10
483 179 4
328 700 2
433 430 5
72 981 5
550 806 1
868 653 10
462 429 4
209 947 3
347 815 9
951 563 2
897 555 7
378 390 9
468 594 2
79 525 9
44 567 6
114 32 5
293 897 6
937 819 7
292 646 2
73 263 6
806 61 4
819 878 5
841 953 7
697 7 7
945 832 4
359 244 4
358 788 1
344 327 4
937 694 4
24 356 3
367 189 1
217 236 10
627 51 6
31 975 9
138 76 3
134 147 10
591 5 6
891 194 3
664 796 10
922 37 6
779 839 7
905 436 2
747 201 2
890 788 7
692 682 8
456 398 9
409 34 8
497 265 6
471 101 6
967 765 9
786 617 4
939 509 9
967 677 5
863 566 5
251 441 4
995 958 2
688 863 10
844 305 6
890 380 3
2 860 1
637 617 9
174 501 9
514 813 1
387 33 1
320 517 10
590 968 6
168 7 10
646 791 4
757 200 8
805 92 7
621 586 6
163 288 10
45 90 10
359 534 8
521 940 8
677 661 5
997 479 5
934 105 5
868 838 10
600 188 6
536 77 4
939 187 6
88 451 2
779 255 6
944 179 7
465 852 8
414 373 2
633 208 7
670 598 9
360 849 6
316 82 1
893 183 7
212 459 5
388 896 10
619 606 10
460 699 9
689 922 4
30 122 5
401 965 10
150 289 10
934 759 6
630 244 7
89 206 6
291 551 4
475 620 7
132 898 5
95 595 5
350 932 7
441 646 6
729 701 8
53 720 3
889 123 2
390 890 9
228 939 1
122 922 5
295 264 3
178 811 9
933 317 10
945 642 10
816 215 8
357 819 10
303 997 4
707 822 1
480 877 6
183 602 9
544 125 8
313 634 1
523 45 1
111 614 4
697 266 5
957 309 9
933 440 7
664 777 7
624 583 5
422 873 10
692 510 4
820 83 8
650 244 10
90 75 7
227 193 8
509 339 1
371 421 5
174 737 8
487 198 3
488 888 1
430 295 4
765 184 5
939 424 2
765 651 1
791 819 6
220 286 4
607 921 8
843 346 10
235 486 4
1 22 9
92 303 1
409 186 9
466 99 1
374 268 8
303 750 2
625 812 7
368 496 9
439 847 8
343 678 6
959 607 10
546 365 1
712 601 4
753 803 5
480 918 8
370 660 9
931 511 7
958 730 2
749 49 9
276 779 3
979 557 4
451 279 10
871 195 10
94 455 1
719 216 8
844 579 6
904 772 3
663 400 9
153 100 3
517 498 2
704 848 6
924 990 3
684 369 2
169 241 9
347 575 5
120 775 2
319 107 4
70 914 6
597 734 6
612 308 7
425 907 5
345 530 10
379 642 1
173 712 3
196 429 10
73 382 10
981 791 1
447 550 9
147 647 9
398 797 4
654 696 6
576 922 10
960 2 2
304 152 3
456 464 7
710 306 3
624 529 4
11 617 2
591 643 4
418 456 9
211 489 1
354 336 9
95 907 9
644 691 6
719 826 8
764 797 7
557 80 3
73 137 5
234 147 10
794 860 1
631 970 9
398 979 5
211 672 6
338 326 2
343 341 8
63 398 6
896 905 6
936 136 10
697 274 2
660 827 2
928 481 8
733 136 5
789 971 4
197 226 10
819 846 7
814 944 5
574 877 8
428 118 1
750 802 7
564 787 9
558 147 4
695 579 9
307 285 7
105 324 10
719 94 6
722 897 1
287 545 3
457 923 1
192 418 9
864 203 5
549 194 7
732 104 5
950 198 8
799 748 7
212 162 10
705 515 1
570 882 1
518 824 4
28 752 10
829 791 10
578 358 1
927 150 4
852 751 4
179 930 7
184 150 3
174 862 4
25 809 6
759 391 10
97 333 6
998 661 5
362 361 1
495 683 9
856 59 5
256 579 7
298 149 5
351 688 1
321 101 1
394 140 5
511 924 8
336 453 6
596 578 4
940 577 3
170 99 9
722 592 5
859 953 8
139 999 5
663 105 10
567 853 5
109 606 2
603 208 4
403 832 6
628 796 6
984 658 1
312 78 10
972 930 10
938 837 3
282 335 5
520 115 1
536 853 5
786 240 1
887 14 2
991 976 6
76 318 3
437 924 6
247 118 5
671 381 3
568 422 6
838 180 8
511 327 4
200 937 8
816 888 3
603 621 8
859 26 2
773 985 2
153 897 7
899 881 7
438 654 4
623 620 7
751 658 8
355 703 2
670 524 3
918 537 1
700 261 5
871 214 5
544 835 8
74 356 8
510 518 3
148 254 9
756 955 10
440 510 6
34 314 10
955 679 2
387 656 9
969 717 5
238 582 9
516 622 5
968 756 5
864 427 7
524 284 2
49 639 3
540 672 3
293 502 9
689 803 1
298 689 3
461 600 3
82 721 5
820 850 1
953 788 4
334 523 4
823 465 4
716 467 4
133 104 10
585 896 3
112 239 9
615 824 4
588 128 8
729 785 4
576 389 5
210 438 5
998 387 8
477 318 7
62 589 1
73 990 9
636 991 7
279 669 2
761 333 6
745 276 8
876 63 5
946 319 9
177 811 1
828 840 4
303 875 3
394 137 3
698 152 8
474 593 3
850 204 5
491 792 1
83 125 8
212 605 2
120 339 4
222 978 5
625 770 1
280 183 2
64 38 6
321 52 7
417 23 7
69 771 1
711 307 10
632 489 4
782 383 6
465 733 2
679 311 3
715 761 8
572 444 2
917 758 1
729 567 4
938 80 1
262 65 8
327 32 9
611 887 5
734 699 9
642 831 8
610 881 4
225 908 6
897 647 8
815 796 4
140 501 1
214 204 6
218 593 9
41 682 3
534 331 7
551 103 8
734 676 8
254 54 8
162 123 8
93 192 9
31 146 8
836 572 10
425 639 10
418 40 2
431 735 3
480 224 2
248 330 5
649 974 4
523 627 2
659 486 8
300 171 4
217 742 2
329 918 5
394 546 6
299 192 6
864 608 10
420 324 1
650 251 8
273 997 3
369 893 3
618 874 8
801 47 7
927 865 5
733 108 2
351 126 8
160 136 7
219 726 4
745 730 2
499 333 8
647 141 10
947 524 4
979 249 10
425 778 2
156 931 7
567 147 10
420 446 2
102 273 5
160 816 3
581 229 6
987 900 5
554 572 3
572 48 4
690 756 8
301 452 1
447 150 1
760 616 8
478 457 3
62 873 3
453 512 3
45 476 3
656 529 4
389 126 3
25 811 9
813 822 4
940 250 7
463 549 10
493 217 7
767 627 1
323 504 6
728 931 8
789 27 1
566 548 8
956 207 8
825 757 2
856 111 6
412 398 5
35 40 3
290 9 9
632 773 4
867 650 9
928 771 5
898 676 6
655 647 1
351 993 8
413 821 4
346 625 7
645 668 7
498 671 10
208 538 6
736 733 1
975 628 5
623 329 10
978 954 10
84 88 1
728 227 4
211 219 6
816 545 2
760 762 4
1 868 5
378 68 1
611 755 5
516 18 7
349 831 2
817 481 3
952 755 7
322 909 7
674 745 4
754 601 1
99 48 10
940 74 5
516 549 4
906 812 2
194 205 7
694 25 6
560 411 10
403 524 2
249 89 6
485 522 8
274 244 7
42 565 1
474 530 8
622 564 2
863 695 9
129 437 10
337 432 5
526 260 2
282 587 2
530 601 10
233 825 5
853 206 8
761 959 10
364 97 10
861 342 3
986 173 3
269 900 2
82 182 7
353 65 9
283 719 1
510 464 2
425 261 3
871 590 7
808 934 4
452 972 8
982 146 3
748 551 7
635 796 4
992 989 2
794 759 10
361 720 6
120 631 7
200 254 1
585 578 4
739 81 9
806 877 10
638 759 9
864 615 4
455 126 6
877 834 6
512 79 2
242 395 8
567 830 2
306 179 9
916 938 1
872 265 4
414 534 9
0 976 8
123 818 8
988 532 3
687 143 7
424 454 4
815 237 8
994 196 3
680 720 7
294 168 7
286 120 8
588 665 9
696 705 10
24 205 4
8 385 3
798 548 4
471 567 3
669 815 7
551 640 10
774 651 10
29 814 7
138 366 2
628 520 7
540 498 3
667 786 2
448 671 6
83 897 6
771 118 4
784 703 7
746 685 5
842 756 10
1 487 7
983 901 1
782 175 1
348 189 7
440 897 10
309 146 9
391 311 1
649 464 2
844 578 10
678 338 10
447 222 3
205 686 10
645 216 7
399 799 5
548 322 10
606 44 7
690 539 2
293 699 9
565 711 10
729 128 5
666 854 9
263 997 4
885 212 1
385 206 6
391 422 7
162 571 10
11 511 7
316 772 7
758 674 8
589 968 7
822 552 9
370 53 8
217 728 8
702 450 3
537 706 7
877 482 6
197 234 4
354 684 9
45 346 5
719 478 4
903 439 10
716 634 8
901 248 7
182 131 1
394 195 3
810 417 9
821 209 6
661 46 8
503 903 3
160 768 6
376 158 7
702 649 10
118 777 9
466 982 7
641 779 4
692 331 6
556 8 5
128 833 4
436 287 3
750 716 6
890 62 9
767 516 5
793 560 3
596 293 1
956 788 5
15 462 4
970 962 1
122 680 7
439 983 10
360 757 10
653 56 7
291 290 7
431 197 5
795 699 1
184 23 7
94 744 6
702 279 8
416 268 5
964 182 6
245 498 8
902 809 3
985 686 10
182 8 4
313 148 3
203 170 6
792 897 5
722 515 8
877 410 6
283 637 3
923 658 2
577 839 1
221 97 3
370 103 4
27 159 3
269 953 10
378 893 4
784 321 9
322 211 4
855 592 9
6 139 10
215 690 6
144 345 8
85 602 6
572 227 9
303 721 10
819 545 1
944 549 1
455 603 10
929 534 2
542 788 9
976 551 5
971 204 8
942 23 5
698 887 10
703 497 9
441 247 10
313 352 8
237 260 5
20 745 4
268 451 9
653 146 9
580 810 1
867 275 3
75 698 2
374 742 8
374 54 4
638 488 5
792 420 7
39 588 8
460 578 10
459 305 3
89 803 6
682 310 6
706 794 5
539 903 1
843 171 8
126 153 5
811 857 8
379 314 2
266 639 10
471 357 6
941 429 9
695 235 1
35 314 5
118 635 7
939 787 5
392 714 4
171 13 7
777 254 8
26 568 10
909 950 1
537 583 2
40 221 9
270 168 3
745 201 9
682 536 9
120 871 10
665 539 5
830 790 5
326 759 1
415 600 8
494 815 9
857 390 7
57 634 7
530 682 7
639 846 5
504 241 7
824 897 9
382 36 1
762 341 5
813 527 6
541 51 6
920 419 2
734 917 6
801 81 9
535 86 7
909 881 2
358 904 9
616 606 6
759 718 1
109 390 3
334 291 2
302 947 9
561 187 2
994 297 5
537 688 3
426 438 4
385 58 3
997 849 9
985 655 10
495 110 5
122 285 10
17 163 10
462 160 9
230 484 3
844 64 4
693 10 10
498 378 9
358 877 6
427 807 8
646 433 10
420 354 2
678 507 7
24 761 3
603 607 1
388 446 4
683 328 9
553 525 1
931 418 2
752 743 7
39 360 4
275 868 9
770 100 6
719 948 7
717 291 4
170 904 8
517 760 7
185 449 5
491 459 7
152 764 6
987 909 9
654 524 10
974 761 2
254 518 2
102 79 9
492 826 5
219 758 5
683 94 3
456 288 10
268 408 3
292 197 4
153 498 3
560 549 8
668 708 8
27 273 8
138 602 6
32 724 10
449 996 3
491 358 2
619 209 1
57 822 3
429 480 3
553 39 4
323 963 10
924 67 4
205 644 2
698 657 10
261 538 5
110 168 6
441 131 3
499 226 5
165 54 9
729 69 5
745 94 4
570 296 5
229 947 6
712 382 8
531 303 4
849 616 3
265 16 7
684 130 8
70 497 8
738 245 7
305 347 3
251 358 8
450 743 1
539 950 7
31 11 9
678 675 7
213 295 1
168 88 1
758 371 7
883 663 7
897 800 10
556 835 1
864 136 4
818 828 5
746 200 9
260 758 5
618 344 4
651 518 10
248 530 2
673 348 4
445 206 7
767 981 10
132 719 9
772 190 4
669 220 5
413 369 10
799 760 7
649 995 7
791 154 1
800 192 9
43 29 5
56 736 1
321 413 4
753 334 10
247 173 8
920 616 2
106 921 5
426 309 10
996 857 5
251 525 5
17 20 10
306 49 6
375 737 3
993 86 6
714 938 10
594 978 5
883 336 2
272 266 9
65 168 5
189 687 1
147 19 10
77 884 8
583 602 10
825 934 3
255 987 3
749 181 9
55 507 2
463 181 10
687 200 7
662 892 4
238 338 3
808 228 2
420 279 1
259 55 5
270 75 3
818 931 7
848 857 5
66 989 7
273 289 6
729 456 10
495 596 6
724 30 8
903 514 3
351 802 10
187 304 7
353 684 7
210 982 1
615 537 7
224 596 10
754 15 7
2 185 10
683 557 1
954 202 3
423 444 1
724 56 7
228 709 2
169 576 5
294 129 7
971 185 8
254 260 10
230 343 10
909 334 6
106 634 7
774 516 5
181 912 3
256 764 3
629 145 1
489 67 10
156 418 4
929 852 9
905 659 2
871 548 6
315 635 10
650 800 1
40 102 7
854 352 2
186 383 6
607 771 6
85 429 4
534 548 6
703 378 6
358 901 7
362 914 4
8 277 5
309 296 5
397 792 1
550 645 3
620 136 8
309 182 2
717 919 6
197 98 5
558 521 7
203 88 10
12 753 8
620 605 5
814 570 8
978 132 9
295 638 9
635 358 5
124 247 9
319 861 9
978 283 6
248 462 2
521 235 8
371 28 4
538 361 6
414 357 6
686 600 10
136 552 2
84 13 9
43 686 1
218 795 4
663 563 2
165 88 1
885 473 10
425 299 7
92 56 5
272 717 1
412 137 9
147 184 5
139 728 7
486 278 10
717 605 1
516 141 2
925 145 1
727 8 9
373 409 4
397 876 5
36 385 3
29 441 3
521 277 8
603 463 9
433 765 1
203 451 5
849 334 5
752 115 6
279 260 9
133 61 8
834 577 6
907 870 9
893 574 3
862 224 1
510 806 2
867 45 7
953 785 2
414 582 6
134 721 8
184 803 5
626 777 10
155 694 5
454 326 3
631 908 6
660 530 8
250 478 1
837 243 7
11 739 8
479 638 10
514 525 9
301 921 10
789 760 1
107 168 6
696 623 2
441 117 9
91 90 6
186 216 9
892 198 6
508 342 7
570 212 7
464 485 6
268 314 10
564 107 7
889 203 7
424 56 1
953 681 6
196 320 8
83 966 5
893 869 7
471 589 10
532 348 8
287 927 6
735 250 8
103 827 10
200 230 10
488 419 10
48 216 7
256 514 3
254 523 5
177 875 4
676 201 10
326 403 9
187 981 5
715 43 10
345 704 5
487 41 6
737 761 3
371 318 5
513 462 6
160 81 7
820 179 10
904 707 7
370 643 2
122 119 6
681 629 8
250 884 5
846 83 2
578 449 2
572 57 6
250 176 6
784 908 2
151 143 7
3 440 10
428 160 6
786 865 10
583 801 2
742 910 2
690 908 4
468 419 1
975 267 4
388 673 8
301 675 2
169 119 9
676 530 4
476 511 7
800 116 4
309 893 1
418 844 8
597 559 8
449 841 10
833 800 2
7 15 10
106 193 10
524 303 9
287 391 9
787 543 6
486 138 3
162 704 7
230 132 4
273 147 4
404 527 7
610 741 2
749 373 2
679 894 2
967 351 4
563 583 2
914 115 6
670 913 6
602 777 1
865 614 3
48 294 4
467 320 10
349 978 7
94 945 3
666 502 7
448 678 6
251 580 10
614 774 5
919 953 2
635 894 3
805 465 9
344 107 4
297 158 6
898 69 8
274 511 5
972 341 3
271 115 5
418 387 7
900 975 7
487 597 5
397 877 7
805 617 3
785 491 2
801 602 5
277 145 8
410 359 7
426 192 3
794 267 10
559 72 5
697 559 10
540 203 8
483 926 1
934 637 6
83 331 10
974 708 5
2 506 5
867 927 2
437 448 5
75 964 1
873 664 7
471 314 5
406 309 4
992 48 2
504 129 6
652 895 4
965 475 5
912 720 10
42 243 9
284 658 8
980 199 5
265 628 2
627 791 7
816 662 7
259 665 8
380 120 2
713 924 4
278 48 8
395 872 7
58 226 7
488 16 3
241 952 1
813 330 1
929 826 4
471 932 4
785 383 5
722 925 6
358 756 3
165 173 4
59 783 6
196 447 6
998 517 4
149 930 2
446 811 4
406 519 10
410 445 2
3 37 9
57 879 6
862 290 8
255 258 10
53 267 8
497 159 6
26 214 4
486 351 7
518 753 8
598 947 8
461 675 6
154 560 6
951 453 10
846 905 5
649 794 6
445 837 3
377 302 1
10 572 5
728 683 3
528 529 1
583 730 10
408 425 8
70 135 5
79 821 10
981 916 4
322 990 4
967 184 6
697 249 10
468 321 2
378 486 6
383 880 1
546 398 1
897 128 1
597 681 10
1 706 1
236 618 2
173 52 8
410 555 5
850 320 7
957 300 10
888 586 4
195 603 9
314 595 10
120 408 8
484 284 7
95 693 10
381 481 9
909 280 5
689 753 3
135 600 6
660 804 8
121 925 8
589 542 2
694 45 10
997 32 10
253 632 7
916 838 3
37 114 7
947 381 5
801 548 6
20 14 5
233 799 1
971 897 10
185 951 2
647 762 1
384 913 1
144 397 10
725 188 6
972 594 8
638 885 3
185 380 3
444 754 8
419 114 2
987 932 4
969 185 8
413 692 10
575 493 8
370 771 10
184 842 3
695 419 2
18 73 8
35 479 1
518 175 10
742 234 5
102 36 9
568 201 5
752 816 4
449 113 1
674 518 6
402 292 10
288 836 1
774 9 1
374 442 4
983 11 2
47 734 10
100 641 4
543 776 9
100 207 8
271 527 2
214 796 2
850 724 2
240 400 1
632 644 9
919 415 7
593 740 2
36 429 1
48 256 6
971 175 1
143 6 1
197 250 2
934 591 6
105 954 6
258 299 1
474 636 4
67 646 3
524 490 7
977 886 7
421 407 6
956 549 10
221 618 6
493 322 6
859 443 5
556 631 3
78 838 9
806 645 7
78 1 2
292 66 7
609 498 1
97 640 3
893 943 10
721 646 10
705 655 6
613 433 3
742 207 10
761 18 3
633 655 3
413 749 4
30 334 5
199 359 9
948 709 8
617 732 6
924 59 3
215 131 5
818 126 10
800 197 9
785 883 8
920 204 4
594 554 1
904 721 9
322 177 9
321 163 7
251 404 5
477 874 6
506 709 2
838 257 6
589 755 4
208 356 4
94 552 4
395 907 7
812 300 8
617 663 5
520 145 6
185 220 9
305 444 8
347 273 7
661 730 4
581 423 3
94 391 7
819 175 2
799 669 5
207 549 4
623 12 8
69 840 5
838 45 10
931 130 1
76 476 8
314 520 7
550 643 7
560 999 2
549 3 3
285 959 5
299 753 5
215 681 1
925 731 4
548 346 10
380 375 8
783 115 2
328 508 8
953 454 3
667 192 9
496 770 7
478 483 1
983 599 2
944 226 7
556 446 2
270 626 2
95 128 10
754 348 2
791 258 4
273 812 9
271 718 3
221 782 5
657 510 4
757 800 8
705 843 6
724 438 9
378 293 7
209 381 9
145 238 4
821 318 3
816 786 2
129 80 1
537 201 9
215 377 4
549 310 9
164 211 5
662 11 8
988 56 2
887 261 7
446 627 9
18 664 7
685 276 3
877 66 3
184 311 3
665 507 5
175 979 7
31 307 4
304 20 10
788 221 1
520 300 4
295 120 4
58 355 6
585 919 5
376 161 10
842 923 5
199 168 2
611 919 1
677 552 8
563 403 3
391 840 5
958 25 2
590 900 2
590 609 10
136 881 6
647 862 2
891 819 7
907 781 5
496 412 9
267 31 10
86 123 8
34 409 10
457 428 6
341 511 1
716 321 10
909 765 1
707 282 4
0 857 8
362 816 4
464 890 1
99 616 2
419 386 1
946 826 4
953 774 10
951 930 3
20 577 8
953 478 9
933 94 10
749 220 6
736 490 8
164 754 8
772 593 3
662 517 3
641 989 1
500 846 8
835 737 2
605 808 2
974 69 2
480 142 1
926 943 6
386 705 9
15 511 5
711 380 4
282 179 4
723 275 10
447 521 8
704 594 8
249 297 10
664 795 4
713 891 8
137 263 9
959 946 3
139 647 10
479 576 1
509 570 3
589 365 6
23 394 6
609 423 1
906 901 6
386 831 8
262 955 9
140 49 7
336 667 8
390 880 2
185 24 3
448 656 8
819 185 5
772 853 6
227 257 5
307 796 8
93 732 1
932 608 3
813 365 3
718 788 1
457 994 4
902 593 10
183 85 4
304 675 10
897 941 9
278 712 9
398 60 1
688 229 8
207 696 2
728 696 7
738 907 6
627 634 1
421 224 8
248 892 1
118 280 4
746 40 8
356 641 3
609 560 10
11 396 10
485 239 10
589 635 6
970 945 6
770 463 10
399 207 6
656 890 5
378 487 10
16 564 10
162 256 1
671 562 8
818 640 4
97 924 6
561 982 1
12 673 5
668 828 5
343 82 2
449 108 1
40 880 10
801 78 9
121 265 3
991 731 7
199 339 3
188 902 9
343 324 5
627 302 7
133 428 7
706 923 2
301 769 2
22 31 5
748 763 8
874 707 8
291 970 3
771 176 6
375 430 5
553 161 9
629 211 1
926 956 6
425 492 2
99 705 5
235 200 1
342 540 2
110 723 3
177 301 6
975 772 10
560 788 4
932 98 7
390 212 8
503 806 1
346 64 7
809 927 1
988 145 8
302 989 5
143 601 5
748 498 6
314 171 1
73 774 6
522 491 4
80 915 2
220 560 7
564 919 7
307 446 7
258 231 1
478 317 5
278 146 7
332 31 8
263 212 9
238 877 5
397 959 7
770 87 7
570 948 1
835 46 9
561 215 3
738 505 3
634 191 5
686 841 5
930 2 1
275 525 6
674 597 10
707 477 6
245 372 6
9 96 1
495 188 10
569 243 10
308 858 9
644 749 5
845 57 4
234 517 5
520 155 1
62 792 5
680 909 7
542 663 7
775 136 9
89 446 6
446 219 1
161 930 7
141 311 2
75 855 6
253 740 8
998 946 7
396 2 6
131 636 4
528 755 5
160 707 10
512 933 5
380 915 5
420 851 7
735 343 5
767 430 1
877 76 3
123 254 1
162 974 5
862 520 6
946 192 3
280 442 1
292 469 8
743 395 10
426 219 8
88 179 10
794 702 1
386 239 8
588 774 9
171 311 6
881 907 5
55 231 3
162 661 9
763 705 6
397 904 2
974 654 8
335 833 6
754 505 4
146 777 4
62 727 8
944 317 1
802 979 7
112 895 6
747 832 4
471 769 8
309 816 1
440 376 8
809 205 4
891 199 7
295 821 6
846 641 2
861 116 9
748 974 10
556 953 3
335 544 5
460 934 5
218 493 7
122 675 10
817 560 1
949 329 2
188 911 5
863 527 3
364 766 7
930 204 7
699 56 3
142 793 4
520 798 9
807 719 3
303 77 10
692 6 4
133 645 8
120 49 1
148 562 8
365 936 6
818 54 6
316 252 8
743 717 10
122 535 4
131 400 9
347 811 5
557 812 10
572 109 4
119 248 8
855 82 9
666 412 6
476 790 2
833 347 7
861 38 8
827 941 2
42 117 7
869 602 5
701 284 5
348 903 7
384 239 2
937 529 5
556 397 3
205 520 1
334 963 6
800 931 4
149 203 2
814 787 4
830 495 9
824 939 1
260 596 9
862 806 4
303 370 3
684 219 7
365 0 5
515 941 8
997 637 8
573 16 3
206 517 8
239 630 4
781 943 8
518 768 5
207 232 1
328 810 9
953 667 1
136 347 2
578 18 1
87 667 1
611 772 8
386 497 6
515 563 6
415 916 8
521 502 6
499 761 5
234 138 2
331 95 3
970 474 8
453 189 3
616 948 8
700 217 7
843 147 10
928 243 7
986 650 9
176 874 1
154 976 9
789 751 5
32 864 7
14 187 1
497 960 8
633 361 9
56 193 6
102 155 8
268 547 6
23 781 3
656 452 5
162 737 3
188 159 7
444 132 5
586 431 4
648 554 9
504 874 8
7 32 2
867 632 7
466 345 1
336 962 2
339 510 7
305 975 4
138 293 9
933 200 10
974 538 7
351 559 5
532 20 5
125 38 5
916 937 6
745 9 9
763 460 7
6 791 6
902 504 10
614 989 1
291 973 7
812 142 5
133 634 4
618 857 3
645 865 8
186 288 9
49 234 1
437 401 2
582 107 9
354 105 4
937 568 4
218 941 1
820 262 5
406 686 1
863 680 3
762 973 8
807 709 3
676 580 3
585 274 5
983 847 7
256 911 10
276 3 4
751 404 5
769 737 10
427 956 8
117 184 7
779 979 3
578 476 5
343 748 4
226 882 2
408 24 2
120 513 6
344 108 1
882 955 3
933 694 9
124 472 6
478 636 1
28 680 9
673 441 7
642 464 4
426 516 8
546 265 6
174 217 9
444 421 1
667 465 2
364 809 5
131 417 1
917 355 4
720 803 9
925 593 4
907 235 10
446 501 4
285 75 5
383 359 4
922 305 8
547 850 1
114 854 8
868 815 2
50 950 1
14 588 9
409 275 9
440 275 1
473 988 3
80 459 6
491 471 3
789 907 9
254 910 3
28 991 5
355 424 7
423 629 7
119 345 6
844 953 7
641 829 9
976 224 9
726 997 2
391 319 4
348 344 4
384 746 3
826 798 6
187 341 7
466 94 1
15 737 10
472 729 1
166 169 10
453 551 7
384 230 8
483 736 10
867 765 6
243 822 6
860 907 7
62 334 5
219 603 3
186 50 3
751 152 1
472 902 3
594 876 7
996 27 9
378 78 1
255 267 9
967 650 1
166 934 3
493 25 4
955 556 4
221 12 6
412 545 5
68 97 1
114 263 10
712 326 1
286 712 1
847 267 8
242 60 9
529 364 4
680 710 10
140 972 5
495 481 7
518 294 9
816 190 7
643 297 1
904 923 4
949 706 2
75 966 3
468 64 5
395 734 3
220 278 3
651 46 6
636 225 3
940 103 8
151 215 6
863 708 7
967 520 5
903 83 7
513 37 8
764 449 9
348 48 4
392 219 7
878 179 3
720 138 9
621 918 2
805 697 7
273 734 3
501 216 7
121 615 3
967 894 8
923 37 5
501 644 4
927 253 5
536 796 7
439 77 9
568 666 3
658 801 4
314 51 1
1 304 4
424 626 7
18 179 3
590 695 7
59 665 6
611 21 3
350 910 8
386 76 4
850 742 5
909 297 4
569 868 4
716 19 6
998 483 4
220 234 2
50 123 3
596 118 7
635 588 9
145 96 10
629 749 7
935 778 7
909 391 2
304 358 8
925 210 4
987 322 10
684 81 4
51 859 1
220 426 8
885 216 3
591 285 8
497 813 7
156 808 8
768 60 1
492 491 7
770 97 9
416 449 5
261 654 3
708 414 3
157 722 10
567 315 2
530 22 1
157 291 10
232 353 2
79 602 5
808 850 1
844 150 9
211 155 7
446 509 9
181 300 5
838 423 6
665 115 4
158 455 3
538 675 5
84 783 3
348 387 6
96 275 5
926 892 2
87 818 2
151 989 1
685 163 6
103 100 2
607 133 5
299 492 3
895 49 10
836 260 9
136 619 7
620 117 3
897 782 5
516 801 8
2 55 5
195 868 2
874 863 7
824 858 1
473 793 9
901 28 6
107 565 1
649 892 9
264 133 3
266 542 5
123 100 9
84 762 9
317 44 2
681 406 4
253 25 5
188 572 10
691 124 3
360 331 6
515 343 10
302 839 4
803 244 7
523 487 6
263 719 8
987 705 7
147 965 9
38 211 1
555 923 6
195 65 9
999 784 5
290 44 5
635 32 4
997 618 3
402 401 4
239 473 6
369 50 4
186 927 5
64 548 1
607 176 4
899 438 4
205 642 2
517 535 6
756 514 6
103 648 10
286 52 7
163 435 4
231 373 7
848 995 2
276 170 1
492 871 4
26 349 10
278 254 10
468 453 8
961 616 7
446 561 1
702 58 2
811 269 3
631 643 3
982 189 1
861 616 1
117 65 7
792 964 2
864 104 10
595 473 7
430 106 9
352 505 4
947 662 5
90 846 1
346 457 3
845 325 5
238 964 6
59 732 1
94 733 3
395 883 1
841 533 5
326 265 10
246 877 8
959 579 6
171 499 10
372 842 3
357 3 3
655 539 3
175 4 3
456 301 8
374 44 10
848 676 8
841 596 1
965 906 9
480 635 10
92 174 3
587 932 2
636 65 3
45 312 2
879 63 7
98 127 9
255 662 5
601 721 8
445 113 7
922 562 9
386 466 10
225 144 3
715 206 3
579 916 9
573 465 10
368 187 1
702 387 10
88 607 2
329 11 2
90 12 10
418 121 10
694 707 7
90 481 3
753 998 4
554 775 5
201 772 5
85 628 5
569 159 6
863 123 4
601 828 8
885 58 4
955 126 6
291 598 2
746 60 2
118 162 8
403 845 4
548 196 6
562 530 2
568 555 4
581 564 6
850 350 3
770 441 3
545 396 7
565 5 7
126 691 6
280 207 9
95 767 6
908 754 10
447 607 4
737 820 2
729 470 1
456 574 3
282 925 1
967 931 7
4 124 5
286 198 9
671 857 8
811 346 5
878 318 5
54 280 8
346 706 2
260 697 1
927 350 10
666 859 1
113 619 3
385 417 6
220 804 7
470 625 6
227 566 1
551 791 2
878 100 3
815 547 10
670 616 5
98 348 7
659 46 9
465 802 10
50 498 1
214 26 5
694 39 10
436 749 6
406 116 9
627 536 8
127 630 3
833 104 5
18 382 9
153 559 2
670 696 10
267 730 7
339 397 7
972 833 5
87 512 9
410 304 10
392 601 5
839 831 1
352 458 7
158 810 10
462 139 7
237 620 9
676 67 8
796 110 8
560 233 2
730 516 10
737 545 8
417 937 4
48 868 6
504 533 8
345 753 3
699 443 4
916 617 2
305 60 6
379 42 2
942 917 7
563 888 5
629 12 9
115 105 4
52 535 4
439 300 7
157 605 9
151 347 2
729 323 1
66 115 6
839 21 6
297 88 4
196 657 7
870 361 8
649 600 2
105 246 1
561 195 1
42 273 10
60 565 4
509 1 3
176 708 5
645 732 5
486 964 2
20 105 1
424 673 8
688 929 3
377 728 5
231 401 7
144 907 2
892 757 2
990 818 8
479 396 10
425 905 8
948 235 5
391 898 2
211 975 6
467 928 5
239 676 8
16 221 5
349 497 8
696 84 9
376 245 8
654 967 7
400 857 5
58 732 1
691 674 9
913 230 9
486 299 1
386 645 5
149 295 9
197 315 1
905 555 8
916 438 10
895 117 4
849 912 7
159 485 6
400 756 1
881 481 3
536 124 7
770 676 1
908 778 6
722 837 4
19 142 8
483 444 4
215 489 2
95 451 1
273 742 10
750 434 10
750 159 7
642 274 3
479 519 6
634 436 5
322 346 7
427 914 6
644 62 6
477 195 2
362 614 2
596 529 4
579 11 9
879 890 9
99 16 3
905 570 3
669 120 3
671 546 9
28 165 6
330 655 3
275 132 1
698 941 10
180 540 7
902 386 1
738 397 10
306 653 4
49 380 7
424 711 1
791 786 2
518 590 9
632 267 7
590 398 4
786 521 8
860 875 4
830 151 4
449 426 9
384 78 3
849 100 5
484 265 1
995 490 8
405 346 6
84 912 6
559 959 8
999 504 10
216 704 2
834 506 7
432 90 1
988 806 4
527 613 7
915 952 9
947 180 8
541 889 3
566 759 8
509 351 9
768 50 3
800 756 6
546 666 5
451 595 5
682 170 3
306 545 10
887 39 3
277 31 10
852 389 10
909 778 2
997 940 10
134 520 4
548 198 9
688 570 3
453 195 9
397 357 9
674 25 5
373 309 3
165 169 7
540 160 6
388 476 9
863 688 9
590 313 5
501 214 5
322 755 7
977 630 2
251 551 3
443 878 10
340 817 10
735 773 3
416 439 1
411 71 1
744 532 1
954 320 2
40 717 1
400 585 1
829 464 1
831 278 10
790 0 10
691 979 6
600 446 10
475 401 7
715 862 8
696 683 9
772 707 6
568 60 5
67 611 5
889 208 9
186 422 4
145 798 6
352 360 3
364 624 6
960 467 1
497 943 7
787 89 9
183 939 4
958 364 1
293 735 3
387 204 5
980 720 5
127 700 10
377 863 6
293 547 6
159 648 8
401 875 3
947 514 1
579 767 2
758 725 5
4 917 1
130 53 8
602 953 10
190 60 8
750 399 10
253 167 4
18 340 1
722 663 10
533 317 8
347 756 6
843 842 9
665 318 4
403 23 3
648 11 3
447 986 1
816 508 3
635 64 2
39 999 8
65 710 7
728 504 3
862 948 5
516 673 6
326 263 3
923 22 3
780 564 10
921 551 8
481 243 1
120 441 9
47 83 7
225 325 1
326 557 4
0 321 8
845 811 1
748 441 1
449 777 5
975 965 1
147 494 6
705 137 6
189 88 1
789 964 3
27 171 6
478 648 3
752 654 4
638 100 5
332 651 3
965 173 5
133 841 2
841 630 8
781 162 1
309 840 6
987 367 7
865 818 2
984 714 8
202 254 10
235 957 1
788 697 3
47 90 6
836 281 9
115 648 2
990 318 4
296 294 9
403 503 5
481 370 7
104 270 6
261 632 6
883 280 10
495 898 6
883 10 4
376 430 4
595 600 1
415 702 7
801 473 3
886 688 9
777 801 3
939 627 5
818 633 4
209 726 5
146 965 1
562 709 10
788 67 1
468 114 10
86 100 6
616 779 8
566 195 2
115 880 8
764 384 7
74 791 8
849 696 1
460 157 4
103 522 5
860 127 4
307 663 4
567 59 2
102 816 4
268 351 2
459 319 9
313 699 3
610 817 5
172 105 10
220 599 10
485 833 9
118 374 2
1 33 9
902 647 1
570 631 10
690 606 6
8 765 9
810 152 7
390 645 2
594 740 2
54 113 1
409 633 6
979 961 6
613 860 8
128 733 10
337 125 7
22 721 5
494 694 10
560 96 3
324 709 9
498 414 1
513 427 6
332 689 10
10 95 4
991 170 9
107 26 1
569 626 2
641 247 2
186 260 4
597 990 7
267 155 3
204 525 9
424 253 1
606 287 3
569 455 1
891 663 2
439 534 2
488 221 4
530 920 6
837 605 10
265 174 6
142 6 9
994 288 8
66 768 4
72 864 8
169 784 10
423 486 4
872 292 10
863 139 3
961 204 8
346 556 4
245 306 7
653 844 10
605 515 4
853 284 5
444 687 4
875 776 3
535 392 7
326 62 6
654 175 2
378 595 8
617 506 8
301 201 8
594 81 2
445 497 2
828 60 8
51 273 1
191 184 2
804 762 5
865 214 7
117 171 5
849 700 9
637 115 8
967 512 10
655 392 5
477 486 3
31 892 3
819 31 1
44 573 6
324 924 2
327 281 6
796 109 8
773 583 10
738 84 8
170 379 5
838 51 6
126 432 7
274 7 2
22 540 3
66 293 9
721 961 10
87 79 5
193 393 5
721 987 7
393 674 2
302 569 9
322 65 9
258 959 7
357 229 3
998 549 10
497 503 9
361 460 10
989 920 4
621 401 5
987 389 5
286 18 6
942 74 9
44 217 9
780 904 6
368 116 9
636 573 7
93 342 2
828 680 10
566 253 10
499 693 4
207 302 10
62 442 6
782 295 3
584 202 9
942 281 1
883 376 8
215 791 7
458 86 10
302 226 5
944 871 5
245 212 5
459 445 8
358 528 8
595 232 2
359 794 4
615 959 6
355 49 4
444 23 10
262 866 3
655 954 5
395 113 8
953 95 7
805 207 6
686 385 2
957 814 4
5 827 5
408 140 8
176 112 6
870 774 8
820 963 5
575 638 8
970 582 10
932 185 5
502 353 3
619 815 4
68 522 6
186 655 9
903 133 5
35 736 8
911 423 5
863 34 10
351 332 8
921 443 5
870 514 10
262 14 9
81 495 8
634 377 6
563 198 3
892 24 1
812 543 3
325 289 8
169 748 1
446 358 1
300 499 5
306 772 4
298 846 7
393 319 8
907 416 1
23 442 10
598 589 1
407 450 6
931 500 5
516 49 1
135 35 8
797 134 5
155 771 5
487 914 5
73 204 7
471 860 4
598 537 5
388 42 4
602 178 9
447 905 1
409 91 5
134 166 3
798 55 4
272 292 7
939 732 3
638 425 5
44 739 9
688 632 3
13 926 1
495 208 10
706 683 5
544 157 5
545 642 2
537 155 1
478 794 5
628 883 10
109 264 10
964 934 5
200 331 4
832 934 1
238 226 2
984 678 10
203 751 6
561 887 1
758 357 7
906 720 6
398 367 1
1 889 3
542 73 10
288 414 5
485 260 10
801 51 8
537 866 6
168 564 6
793 222 2
839 456 6
958 106 9
539 61 9
321 522 1
143 812 9
935 921 6
75 980 6
655 70 10
599 552 9
857 944 9
670 428 7
418 994 8
872 817 7
28 885 3
660 11 7
23 454 9
107 344 9
593 770 6
807 739 1
499 739 3
138 907 7
115 941 7
784 655 4
659 173 10
756 433 7
32 832 3
734 919 2
675 227 9
435 550 8
711 535 6
746 148 8
530 441 2
362 627 7
911 69 4
733 161 1
953 798 7
716 65 8
696 920 8
499 146 2
475 744 9
828 456 7
434 762 1
32 822 4
330 666 10
803 117 4
894 429 2
576 216 7
695 37 10
806 708 7
215 990 3
698 368 3
764 817 8
296 12 10
20 997 2
305 635 4
341 43 5
25 577 3
86 668 8
168 383 2
88 829 8
629 758 4
955 964 5
173 654 10
182 303 2
137 756 8
77 947 6
19 239 9
653 487 8
465 362 7
146 489 10
677 357 5
902 656 5
331 944 6
522 380 2
169 461 2
207 70 1
119 27 10
736 631 1
992 725 5
825 180 10
388 993 8
178 597 5
281 558 7
398 978 3
410 134 7
826 366 4
787 593 3
565 741 1
690 913 10
908 573 5
83 368 2
545 691 7
305 979 4
543 626 1
825 333 3
724 455 5
954 485 3
778 662 10
470 781 4
9 216 8
737 123 6
700 521 4
711 291 9
832 692 4
453 619 1
624 764 5
942 192 1
374 534 9
781 209 8
585 206 5
317 470 2
649 424 7
957 905 6
569 592 5
476 397 8
689 18 3
504 60 10
128 921 6
709 24 4
93 44 9
314 971 4
155 528 8
264 467 1
738 136 7
743 902 1
721 349 3
629 708 1
405 598 10
543 79 9
983 823 5
19 379 1
557 9 5
299 776 5
211 656 4
842 697 6
383 612 2
572 708 4
13 125 3
754 429 10
656 612 1
307 514 4
859 821 10
906 405 3
771 940 7
980 56 3
928 593 4
244 699 8
669 697 1
761 839 6
281 154 6
176 239 4
157 332 5
367 703 2
224 85 10
587 113 2
382 730 10
448 449 7
646 98 1
97 403 8
948 636 2
236 883 1
904 173 1
555 859 1
377 415 9
791 157 6
674 697 5
98 190 5
281 839 3
477 89 7
961 969 1
670 200 7
732 598 4
344 449 9
188 351 10
642 380 6
955 357 7
866 967 5
21 30 8
184 950 10
511 627 4
926 25 4
267 731 6
243 682 3
715 285 7
160 727 9
820 807 6
397 153 5
1 460 6
661 186 8
276 966 8
513 339 3
491 509 2
691 519 6
410 417 7
2 726 6
903 95 2
393 137 8
281 486 6
534 318 9
419 895 2
553 504 2
241 710 2
386 109 6
964 113 6
254 564 5
651 129 2
129 741 3
749 966 1
781 577 8
532 886 3
68 193 10
734 412 2
342 56 4
860 393 10
836 437 10
958 762 10
114 959 7
573 161 9
715 46 1
450 426 3
799 228 10
768 952 6
630 791 9
686 805 5
240 117 5
871 223 2
413 229 8
219 394 4
747 632 9
914 800 3
728 282 10
309 377 7
621 742 9
283 476 2
134 717 6
8 484 2
852 779 2
593 655 4
10 358 9
255 511 5
289 734 7
537 318 4
568 711 9
122 840 5
496 891 3
740 488 3
880 561 5
391 404 8
219 412 6
812 949 6
776 859 8
150 841 7
825 195 3
916 297 6
621 46 9
87 182 8
156 423 7
249 454 8
324 672 2
602 155 4
139 867 3
900 497 7
549 899 10
781 185 7
20 54 2
575 163 1
850 162 3
674 380 1
400 961 10
682 557 10
534 909 1
139 224 9
255 922 7
222 521 7
235 969 6
894 331 1
829 902 4
878 737 2
685 687 5
158 487 4
748 242 5
602 985 4
821 518 5
574 296 7
860 407 2
842 67 5
268 305 6
790 24 9
180 156 7
442 664 2
354 975 10
319 796 2
927 895 7
6 916 6
155 826 1
937 993 7
944 824 8
326 734 9
586 32 9
30 686 7
847 750 8
225 797 5
377 406 9
900 119 7
987 247 8
845 844 3
718 794 5
129 627 1
786 13 6
152 257 9
574 861 9
621 19 10
212 42 6
19 24 9
129 306 6
976 258 4
52 345 10
926 989 7
409 839 9
322 354 4
289 619 8
877 838 3
55 486 6
678 622 7
218 358 6
689 523 9
255 20 2
354 979 10
25 490 8
364 781 4
172 493 10
762 644 4
320 641 10
723 138 3
715 981 3
377 524 3
638 672 1
961 156 1
246 818 10
434 739 3
122 88 1
224 837 7
769 635 8
185 89 1
573 390 9
683 941 5
309 614 3
378 836 9
693 348 8
997 535 10
633 395 8
780 3 9
722 554 4
352 384 2
13 39 10
315 397 8
802 502 2
598 809 4
616 464 4
535 799 8
170 718 8
296 320 4
131 658 4
784 229 1
866 305 2
690 847 7
534 910 7
524 871 8
850 497 9
885 462 2
352 161 9
864 141 8
452 572 10
663 457 1
517 411 9
375 475 8
705 644 3
538 160 10
838 936 2
800 780 3
581 563 1
768 258 2
223 849 7
224 17 3
250 253 3
127 373 5
199 273 6
747 167 6
323 443 3
318 435 1
813 130 10
610 811 2
646 819 4
911 851 7
840 217 9
95 781 8
440 168 3
711 658 2
211 897 9
415 738 5
654 96 3
411 772 6
844 367 8
95 215 2
60 381 10
322 60 6
478 35 2
167 486 9
98 986 9
883 331 10
847 124 5
747 741 9
642 154 5
522 379 7
350 116 3
312 323 7
700 916 9
273 30 1
569 186 8
166 322 3
716 682 4
373 636 8
247 196 7
292 553 10
410 422 4
835 658 8
944 306 7
889 147 2
242 736 8
984 200 4
605 209 6
129 145 7
896 589 8
213 453 1
592 110 9
942 762 10
40 734 10
581 60 4
637 242 6
70 783 9
721 770 7
261 847 2
879 115 10
781 844 8
24 517 4
131 193 7
652 726 3
811 258 5
504 913 10
782 481 10
742 878 9
803 472 9
967 392 6
151 76 5
815 703 4
802 438 4
971 21 7
980 910 6
535 753 2
553 724 4
560 726 5
158 195 1
469 236 7
206 900 4
541 224 1
806 544 9
658 142 1
261 108 3
681 771 8
160 405 2
998 754 9
397 930 1
739 588 6
239 299 2
401 50 2
869 834 3
289 256 2
709 646 7
317 835 4
360 791 8
834 960 10
595 622 3
913 602 9
584 12 7
744 306 4
382 689 9
773 875 1
606 988 8
8 491 9
655 64 5
627 379 7
691 293 3
767 862 6
840 487 2
126 593 8
598 807 1
985 406 7
586 252 3
251 246 7
498 213 10
521 408 6
205 485 3
406 992 8
269 771 8
232 452 10
25 180 2
736 917 3
613 491 6
516 69 5
760 469 4
644 655 9
421 919 10
68 724 3
958 76 7
855 754 8
988 822 9
312 389 3
212 800 3
791 479 4
71 57 8
262 783 2
242 275 7
324 542 10
396 943 8
229 342 2
16 113 1
313 244 3
57 390 9
973 262 1
919 836 5
584 245 5
300 993 3
537 386 6
511 839 4
275 615 4
455 187 6
110 388 9
666 853 8
681 978 4
273 450 3
823 626 6
854 119 10
916 458 1
620 366 8
458 108 8
30 692 8
862 700 9
425 167 1
522 388 6
5 962 5
3 599 2
909 175 9
162 745 4
289 595 8
818 369 6
498 286 2
813 754 1
261 739 3
493 372 7
391 357 6
404 379 7
87 386 10
708 558 9
580 69 3
347 891 7
77 340 10
276 614 6
109 449 2
358 376 5
199 241 6
375 776 4
621 897 4
524 206 8
178 601 4
27 937 9
699 125 5
784 751 6
48 722 3
408 989 1
166 992 9
288 652 3
205 824 10
441 438 3
424 739 6
818 309 5
854 561 4
937 98 7
16 626 1
636 741 5
389 494 2
396 183 3
931 451 4
832 726 3
519 890 9
339 344 3
725 837 10
339 65 6
5 521 4
788 113 3
293 614 10
431 27 10
646 898 2
233 924 8
136 954 5
554 391 2
592 608 8
103 223 5
143 305 5
927 133 6
281 116 2
429 278 10
377 428 4
316 644 6
197 575 4
974 155 4
955 161 3
904 404 8
275 804 3
736 811 1
10 766 5
117 315 8
133 733 3
266 553 3
789 916 6
675 379 7
376 149 4
767 52 9
253 595 7
36 129 10
995 655 5
463 825 9
48 305 2
761 129 6
417 247 7
160 477 7
480 123 8
136 15 3
933 913 8
382 160 5
65 220 8
702 922 10
239 72 3
855 510 1
409 531 9
91 693 2
429 651 7
490 944 2
572 281 2
804 119 1
196 909 3
341 436 2
677 74 4
265 426 4
74 55 7
361 925 2
363 221 5
660 497 5
385 955 10
7 229 3
732 913 9
695 771 5
85 78 6
37 762 8
710 742 7
530 425 10
956 61 1
25 542 4
226 966 9
705 354 10
570 3 2
329 828 3
338 733 6
929 574 1
138 829 3
389 347 7
335 292 6
112 2 7
776 685 1
337 376 10
19 18 10
1 115 5
835 521 9
40 977 2
705 792 2
234 787 6
816 562 3
701 457 2
93 23 2
533 551 4
925 505 7
206 570 10
939 260 2
173 777 10
638 772 3
390 198 9
479 19 9
680 658 8
637 196 1
373 148 7
827 46 5
79 569 5
204 976 1
20 314 5
974 848 9
764 190 5
606 712 1
535 846 10
740 877 9
369 908 3
153 712 3
7 979 6
909 277 7
713 289 8
508 703 8
629 16 10
872 601 10
110 936 7
422 378 1
70 422 8
473 385 5
5 792 9
365 77 2
297 224 5
274 877 6
30 908 2
591 186 10
862 875 2
243 639 1
179 859 9
912 576 5
396 359 9
849 110 8
877 408 9
926 675 6
757 735 2
758 555 4
274 607 8
645 431 3
882 385 6
757 132 7
83 384 1
387 616 8
74 835 2
102 320 8
687 526 5
548 409 1
446 917 10
425 618 10
560 267 1
412 261 3
850 938 4
245 56 10
984 254 7
949 697 10
347 98 5
901 247 9
40 601 10
316 534 9
464 433 7
291 826 6
881 53 8
426 148 2
646 156 5
530 353 2
141 572 6
78 557 10
512 660 2
921 930 3
758 495 9
625 188 7
849 855 4
329 999 7
799 482 4
838 12 4
861 594 8
84 319 9
667 153 7
34 991 10
464 462 6
501 264 2
65 945 1
374 148 6
430 241 2
135 524 9
376 386 2
571 264 6
907 833 3
738 915 1
537 531 5
34 50 5
279 367 4
880 343 6
190 884 1
754 726 1
497 656 1
984 50 6
761 667 1
941 237 3
888 28 4
431 42 4
263 767 9
658 873 4
51 948 9
166 108 1
925 193 3
323 776 5
755 624 5
14 68 7
313 268 4
133 800 5
817 149 10
687 833 9
391 233 9
39 343 6
657 425 4
144 500 7
926 264 6
982 178 9
734 396 1
691 105 4
890 278 9
661 926 8
229 802 9
812 765 4
901 198 2
86 651 5
285 819 5
398 716 9
424 630 5
686 79 9
707 616 8
587 340 4
291 151 10
665 258 2
416 950 9
16 496 1
190 620 4
725 938 3
967 483 5
792 447 7
95 114 6
170 649 7
285 588 4
21 392 8
84 245 7
759 418 1
227 878 5
143 983 3
783 718 8
487 174 6
828 703 9
828 377 3
596 124 6
797 272 2
38 302 9
517 189 8
70 955 1
449 155 9
387 218 10
128 308 4
148 934 1
539 957 3
431 961 6
744 792 7
648 674 4
849 889 7
907 776 10
424 105 10
192 717 8
861 478 1
343 689 4
577 626 4
787 870 8
433 193 9
431 803 6
537 873 5
617 724 9
231 657 5
685 64 3
246 972 5
5 53 7
573 562 10
910 483 2
110 841 3
288 685 9
399 494 6
695 945 7
234 121 4
229 208 7
605 227 1
547 472 7
400 225 7
751 666 5
923 576 10
415 884 6
204 891 5
140 151 1
25 698 10
203 444 5
862 407 2
446 911 7
407 690 7
446 142 10
196 115 6
626 272 6
27 566 10
586 805 7
323 37 4
957 327 5
513 96 10
327 252 6
531 327 6
539 980 7
81 665 7
227 171 7
765 931 3
120 504 2
104 141 7
170 368 7
43 151 1
173 346 10
531 865 3
493 446 6
994 890 1
52 434 1
93 129 9
427 848 7
563 143 3
162 741 4
416 74 9
133 591 5
719 804 5
402 323 4
857 653 8
894 792 4
797 70 8
726 488 9
987 257 1
92 427 9
836 679 4
383 153 6
283 814 7
340 501 4
8 885 9
629 520 5
605 47 7
911 429 1
397 894 1
810 7 8
375 67 3
138 887 4
0 596 2
158 583 5
805 704 5
181 586 5
311 521 3
30 210 4
426 567 6
299 809 7
557 762 9
701 187 5
347 237 1
560 275 2
693 230 6
720 963 7
941 564 4
758 843 10
742 242 5
634 246 3
794 392 3
459 91 7
560 520 4
359 465 6
205 893 10
835 830 1
375 886 2
282 817 10
754 624 7
429 734 6
458 30 9
502 482 10
369 937 5
366 129 9
402 774 6
350 171 7
28 214 8
911 541 3
925 292 2
580 982 9
578 862 1
619 898 10
715 751 1
310 547 1
252 798 2
615 272 10
644 790 4
976 704 4
318 524 2
837 790 2
784 190 4
184 384 5
780 649 7
317 770 8
852 2 5
460 71 4
344 17 8
789 305 7
291 267 6
469 97 1
819 291 3
91 387 10
807 293 7
329 151 10
819 72 5
0 301 1
195 280 3
139 699 9
42 297 5
249 264 3
372 846 1
841 586 3
531 773 5
547 406 6
918 778 8
968 835 10
183 355 9
536 867 2
34 6 10
775 676 6
309 304 9
581 322 1
576 539 6
606 25 7
373 942 10
336 382 1
900 703 2
223 57 4
14 703 3
979 280 4
448 670 3
160 194 7
187 196 10
927 844 7
494 861 4
