1000 5000
0 519 20
1 574 71
2 77 16
3 301 98
4 873 63
5 156 93
6 52 66
7 380 69
8 603 8
9 96 31
10 868 32
11 899 65
12 386 93
13 916 70
14 100 76
15 651 15
16 385 70
17 686 2
18 664 66
19 428 23
20 598 31
21 666 99
22 977 52
23 651 38
24 473 40
25 779 9
26 343 59
27 714 57
28 43 81
29 993 8
30 449 69
31 709 82
32 55 49
33 878 54
34 72 83
35 472 32
36 845 31
37 926 50
38 363 71
39 113 67
40 937 62
41 403 94
42 321 51
43 458 91
44 611 49
45 802 80
46 326 71
47 89 25
48 919 97
49 192 83
50 833 69
51 892 81
52 907 89
53 16 28
54 599 33
55 300 77
56 999 88
57 138 40
58 57 3
59 654 59
60 820 71
61 182 15
62 689 69
63 356 32
64 910 28
65 480 71
66 531 75
67 743 25
68 96 55
69 168 57
70 151 13
71 854 22
72 491 51
73 230 27
74 728 76
75 515 42
76 367 87
77 546 21
78 96 19
79 429 58
80 389 2
81 248 7
82 852 15
83 178 79
84 950 57
85 921 62
86 910 34
87 331 34
88 590 39
89 465 3
90 99 72
91 69 40
92 741 10
93 662 11
94 676 96
95 16 36
96 287 25
97 745 89
98 869 3
99 190 17
100 678 79
101 527 53
102 804 97
103 260 6
104 578 53
105 890 48
106 440 33
107 525 31
108 297 69
109 678 46
110 369 81
111 296 15
112 491 64
113 301 53
114 594 13
115 612 92
116 861 61
117 600 37
118 654 13
119 457 86
120 853 90
121 771 69
122 702 63
123 901 50
124 580 72
125 403 13
126 403 62
127 857 26
128 478 95
129 926 27
130 767 68
131 364 74
132 405 28
133 24 53
134 277 76
135 578 8
136 197 48
137 814 10
138 926 78
139 893 100
140 906 98
141 831 17
142 25 63
143 879 65
144 210 77
145 139 9
146 902 48
147 949 27
148 737 40
149 104 29
150 848 57
151 933 35
152 283 67
153 631 98
154 922 83
155 997 78
156 178 9
157 926 5
158 486 3
159 569 11
160 265 42
161 71 72
162 582 30
163 200 99
164 259 72
165 966 70
166 501 18
167 546 44
168 443 80
169 452 8
170 180 67
171 884 36
172 969 91
173 646 17
174 270 74
175 843 60
176 228 19
177 796 90
178 998 45
179 278 42
180 46 12
181 217 65
182 188 56
183 462 19
184 675 98
185 96 53
186 44 26
187 17 63
188 845 18
189 220 52
190 574 45
191 264 90
192 329 82
193 928 95
194 750 68
195 919 55
196 796 92
197 844 25
198 786 71
199 309 78
200 911 23
201 182 2
202 129 16
203 529 86
204 938 42
205 680 71
206 43 95
207 227 51
208 329 15
209 459 52
210 886 31
211 931 57
212 34 37
213 368 40
214 453 59
215 104 29
216 526 74
217 598 19
218 989 26
219 338 11
220 774 6
221 637 15
222 748 66
223 388 73
224 658 14
225 852 65
226 196 52
227 940 75
228 556 45
229 247 67
230 232 29
231 316 36
232 103 51
233 214 30
234 38 75
235 528 72
236 347 87
237 312 57
238 422 45
239 356 8
240 804 3
241 378 6
242 759 6
243 388 71
244 133 85
245 531 35
246 912 46
247 176 27
248 443 16
249 852 15
250 717 35
251 962 16
252 443 56
253 809 70
254 934 67
255 623 90
256 949 83
257 712 67
258 735 3
259 780 80
260 462 29
261 765 84
262 130 98
263 232 18
264 832 100
265 499 23
266 916 84
267 160 8
268 218 70
269 648 25
270 29 47
271 748 27
272 858 1
273 767 39
274 409 5
275 181 81
276 363 1
277 138 26
278 732 90
279 165 59
280 549 39
281 770 13
282 638 77
283 420 66
284 21 89
285 543 17
286 304 34
287 795 10
288 17 45
289 793 15
290 483 61
291 963 93
292 232 52
293 894 24
294 373 60
295 843 18
296 631 31
297 632 21
298 922 47
299 187 14
300 469 10
301 429 10
302 440 91
303 15 54
304 18 70
305 712 22
306 626 67
307 804 92
308 740 67
309 979 8
310 382 25
311 633 72
312 888 20
313 360 50
314 13 24
315 681 67
316 774 37
317 739 6
318 685 2
319 780 58
320 201 35
321 710 69
322 261 53
323 930 57
324 784 91
325 946 7
326 861 42
327 960 39
328 160 3
329 762 88
330 775 92
331 762 35
332 317 65
333 936 48
334 586 1
335 772 95
336 537 82
337 79 32
338 612 96
339 617 38
340 685 76
341 110 6
342 43 10
343 118 27
344 834 64
345 636 47
346 366 54
347 58 56
348 474 1
349 287 41
350 967 27
351 412 26
352 771 28
353 307 52
354 1 54
355 937 50
356 641 65
357 951 39
358 902 78
359 327 7
360 608 32
361 495 30
362 153 39
363 333 52
364 689 98
365 896 95
366 164 4
367 547 36
368 803 86
369 418 67
370 384 29
371 754 93
372 425 90
373 764 90
374 7 95
375 46 18
376 496 66
377 524 22
378 885 21
379 112 13
380 802 22
381 978 4
382 505 45
383 385 95
384 331 11
385 565 62
386 153 55
387 970 97
388 338 98
389 567 33
390 628 75
391 529 88
392 102 60
393 803 8
394 107 68
395 551 100
396 623 42
397 390 38
398 40 88
399 680 53
400 739 71
401 869 55
402 176 4
403 25 90
404 405 7
405 250 92
406 92 89
407 636 87
408 123 80
409 767 9
410 833 18
411 560 82
412 757 43
413 408 68
414 527 42
415 164 45
416 230 44
417 512 91
418 92 29
419 643 93
420 829 80
421 983 21
422 392 83
423 894 2
424 115 20
425 927 55
426 462 77
427 175 86
428 679 68
429 756 12
430 658 75
431 235 33
432 218 34
433 73 79
434 854 21
435 829 36
436 689 30
437 864 22
438 42 21
439 805 37
440 510 84
441 831 70
442 949 44
443 181 84
444 60 79
445 886 10
446 543 15
447 888 72
448 964 25
449 125 40
450 523 98
451 113 10
452 892 42
453 828 70
454 181 54
455 404 41
456 870 99
457 286 92
458 225 57
459 980 98
460 342 48
461 501 19
462 442 83
463 903 89
464 438 8
465 862 32
466 116 6
467 255 38
468 286 80
469 827 94
470 98 8
471 514 41
472 435 82
473 115 87
474 689 73
475 318 57
476 749 34
477 324 75
478 447 28
479 57 59
480 608 24
481 303 89
482 924 98
483 181 54
484 99 8
485 981 2
486 132 60
487 806 75
488 90 39
489 410 100
490 492 67
491 283 43
492 222 21
493 365 21
494 935 92
495 711 46
496 85 22
497 67 90
498 24 99
499 589 98
500 89 3
501 875 60
502 272 48
503 65 93
504 809 36
505 23 49
506 21 81
507 494 65
508 817 23
509 732 43
510 544 55
511 252 11
512 280 45
513 287 78
514 261 19
515 26 41
516 830 95
517 899 37
518 215 48
519 29 68
520 484 71
521 448 35
522 192 75
523 847 50
524 640 41
525 426 57
526 146 93
527 877 35
528 398 8
529 670 78
530 810 22
531 563 88
532 746 25
533 719 98
534 647 47
535 888 94
536 374 52
537 863 43
538 528 83
539 825 65
540 131 42
541 239 37
542 786 29
543 709 91
544 395 2
545 530 31
546 537 95
547 736 20
548 888 84
549 123 55
550 422 42
551 40 59
552 685 66
553 789 30
554 146 49
555 63 25
556 454 57
557 231 33
558 484 97
559 175 84
560 188 34
561 72 40
562 619 54
563 739 67
564 952 77
565 122 61
566 987 81
567 98 50
568 408 74
569 0 42
570 996 88
571 173 24
572 151 14
573 451 25
574 285 40
575 635 14
576 111 80
577 931 58
578 403 64
579 863 4
580 545 18
581 298 14
582 62 7
583 142 76
584 396 41
585 688 62
586 351 78
587 802 93
588 30 90
589 914 91
590 563 29
591 264 64
592 622 73
593 959 86
594 523 89
595 193 64
596 712 40
597 403 97
598 563 51
599 225 22
600 703 70
601 872 69
602 547 65
603 957 85
604 315 86
605 821 9
606 573 1
607 182 14
608 265 11
609 255 5
610 263 69
611 549 93
612 705 39
613 207 36
614 782 27
615 127 25
616 164 86
617 58 34
618 971 7
619 568 76
620 37 33
621 35 75
622 248 33
623 832 82
624 874 90
625 460 30
626 172 18
627 675 10
628 0 38
629 596 89
630 811 71
631 361 72
632 227 23
633 152 37
634 299 31
635 306 6
636 686 18
637 803 59
638 257 32
639 612 83
640 32 65
641 287 92
642 930 51
643 687 12
644 570 76
645 922 53
646 219 92
647 428 32
648 39 53
649 619 7
650 991 25
651 653 30
652 100 39
653 730 70
654 305 57
655 751 24
656 781 34
657 307 37
658 456 30
659 761 85
660 406 28
661 601 100
662 982 59
663 323 100
664 775 26
665 898 93
666 22 45
667 215 4
668 616 78
669 7 59
670 681 58
671 445 12
672 579 44
673 988 59
674 281 42
675 78 54
676 289 38
677 961 41
678 656 97
679 284 82
680 225 45
681 59 49
682 878 58
683 295 90
684 461 11
685 875 43
686 65 48
687 231 97
688 506 30
689 982 56
690 156 95
691 13 54
692 804 91
693 344 9
694 806 28
695 805 87
696 626 65
697 715 57
698 792 97
699 703 91
700 399 29
701 359 48
702 576 96
703 620 32
704 723 68
705 657 4
706 918 49
707 582 20
708 618 99
709 449 68
710 681 21
711 886 60
712 743 8
713 188 67
714 233 57
715 832 8
716 628 95
717 236 86
718 75 41
719 977 67
720 184 67
721 885 67
722 604 58
723 131 11
724 998 21
725 934 54
726 143 76
727 539 31
728 203 17
729 910 62
730 649 99
731 969 19
732 926 21
733 258 55
734 719 44
735 651 55
736 587 69
737 79 23
738 817 50
739 280 56
740 578 97
741 266 28
742 842 28
743 541 91
744 80 22
745 96 54
746 450 92
747 863 93
748 41 69
749 628 55
750 757 48
751 350 100
752 587 91
753 479 18
754 337 27
755 113 19
756 385 19
757 816 71
758 643 79
759 444 95
760 725 38
761 645 96
762 253 74
763 546 17
764 344 81
765 724 45
766 589 77
767 780 14
768 253 78
769 687 50
770 989 85
771 626 100
772 105 17
773 211 85
774 302 53
775 824 83
776 851 89
777 309 27
778 369 39
779 397 55
780 718 32
781 71 9
782 61 51
783 516 7
784 775 94
785 454 66
786 755 68
787 412 49
788 608 79
789 930 37
790 397 77
791 790 40
792 866 52
793 97 40
794 542 50
795 461 33
796 710 5
797 565 58
798 23 32
799 138 3
800 424 22
801 716 100
802 138 41
803 608 17
804 713 86
805 154 13
806 497 90
807 736 65
808 453 29
809 942 69
810 937 74
811 16 43
812 919 98
813 947 52
814 125 91
815 607 76
816 881 20
817 776 91
818 86 22
819 214 82
820 866 8
821 598 70
822 348 73
823 408 43
824 611 12
825 383 48
826 388 77
827 649 48
828 527 48
829 874 2
830 898 18
831 76 6
832 362 11
833 310 49
834 897 44
835 145 62
836 195 36
837 792 90
838 859 27
839 720 63
840 862 67
841 859 61
842 25 85
843 799 85
844 155 75
845 930 60
846 876 23
847 140 83
848 367 78
849 493 44
850 962 49
851 307 87
852 19 64
853 197 3
854 552 81
855 902 45
856 860 4
857 234 72
858 807 56
859 9 12
860 450 28
861 663 25
862 430 1
863 116 10
864 932 77
865 557 72
866 12 28
867 33 25
868 814 72
869 134 44
870 516 64
871 581 10
872 836 55
873 258 43
874 616 29
875 62 5
876 267 96
877 954 91
878 852 22
879 793 3
880 212 70
881 828 1
882 786 72
883 211 18
884 750 42
885 554 63
886 649 75
887 321 35
888 998 28
889 799 3
890 156 21
891 519 42
892 426 5
893 241 77
894 463 74
895 37 80
896 9 99
897 589 93
898 469 65
899 553 69
900 38 67
901 714 79
902 920 14
903 716 77
904 693 54
905 331 34
906 17 88
907 623 55
908 685 98
909 831 48
910 498 55
911 499 49
912 566 98
913 193 55
914 385 5
915 117 59
916 535 85
917 103 63
918 862 30
919 716 20
920 818 50
921 679 86
922 993 4
923 441 11
924 958 25
925 441 58
926 234 85
927 575 13
928 599 17
929 430 12
930 941 46
931 78 88
932 586 42
933 620 44
934 337 100
935 213 46
936 479 13
937 3 10
938 651 73
939 260 10
940 797 73
941 7 18
942 369 47
943 611 6
944 584 78
945 141 8
946 817 73
947 748 40
948 128 76
949 1 38
950 538 28
951 873 31
952 907 36
953 37 23
954 147 58
955 232 16
956 110 10
957 733 89
958 651 48
959 365 53
960 295 55
961 79 30
962 413 93
963 842 73
964 33 30
965 493 6
966 241 71
967 222 66
968 613 49
969 584 96
970 294 39
971 271 9
972 135 61
973 395 100
974 761 8
975 712 50
976 585 77
977 26 59
978 533 55
979 8 33
980 713 84
981 785 33
982 314 92
983 972 9
984 804 89
985 248 64
986 879 99
987 196 63
988 667 2
989 887 95
990 442 79
991 600 79
992 428 61
993 159 43
994 338 100
995 589 98
996 963 19
997 182 36
998 468 38
999 612 47
42 0 87
427 1 62
229 2 26
130 3 49
528 4 90
31 5 97
877 6 75
264 7 37
203 8 59
658 9 98
529 10 23
646 11 39
63 12 100
33 13 94
265 14 35
237 15 2
156 16 91
555 17 93
32 18 50
143 19 62
292 20 3
622 21 3
320 22 43
681 23 97
228 24 46
578 25 33
796 26 77
230 27 13
126 28 89
406 29 2
371 30 22
630 31 46
400 32 3
584 33 8
402 34 96
146 35 75
260 36 20
734 37 5
976 38 49
274 39 93
549 40 20
958 41 97
505 42 83
903 43 79
695 44 81
15 45 58
64 46 95
598 47 51
870 48 47
730 49 25
195 50 73
42 51 16
681 52 13
267 53 29
131 54 92
879 55 28
975 56 29
186 57 57
646 58 86
504 59 34
593 60 59
402 61 60
983 62 89
553 63 60
161 64 61
459 65 60
579 66 75
115 67 71
227 68 78
755 69 7
532 70 41
943 71 9
363 72 32
615 73 96
20 74 16
176 75 84
24 76 88
353 77 45
139 78 77
345 79 82
277 80 17
726 81 93
680 82 12
718 83 74
414 84 68
15 85 3
989 86 4
158 87 71
427 88 38
685 89 86
631 90 31
915 91 19
588 92 42
166 93 94
347 94 16
797 95 58
467 96 55
505 97 95
978 98 49
92 99 3
442 100 59
389 101 8
322 102 28
173 103 83
745 104 99
647 105 16
672 106 88
523 107 29
675 108 50
827 109 93
785 110 95
281 111 68
335 112 39
544 113 60
319 114 10
633 115 7
575 116 86
561 117 24
987 118 52
632 119 22
0 120 58
803 121 71
966 122 23
276 123 78
216 124 48
769 125 18
324 126 62
935 127 61
692 128 37
55 129 34
480 130 41
441 131 88
888 132 84
920 133 95
975 134 36
450 135 18
543 136 61
132 137 36
61 138 19
878 139 98
270 140 27
530 141 6
897 142 60
519 143 3
845 144 4
22 145 40
349 146 36
158 147 58
842 148 10
964 149 8
684 150 89
773 151 56
511 152 43
140 153 10
660 154 67
652 155 1
30 156 40
790 157 13
793 158 58
512 159 48
538 160 44
394 161 56
822 162 90
941 163 13
593 164 62
181 165 77
627 166 53
764 167 78
942 168 80
550 169 25
137 170 84
144 171 17
750 172 88
876 173 66
988 174 98
518 175 11
692 176 22
403 177 5
947 178 73
684 179 32
538 180 20
179 181 61
387 182 11
635 183 16
134 184 61
244 185 91
313 186 48
966 187 52
920 188 25
522 189 39
724 190 66
932 191 52
391 192 1
131 193 53
319 194 38
494 195 95
120 196 18
67 197 98
827 198 24
940 199 43
266 200 89
458 201 67
472 202 67
900 203 75
699 204 89
868 205 54
351 206 84
847 207 2
123 208 6
328 209 50
730 210 47
414 211 39
876 212 36
80 213 76
549 214 86
105 215 54
260 216 6
223 217 56
633 218 68
244 219 30
581 220 55
718 221 7
399 222 39
220 223 98
271 224 9
478 225 82
57 226 21
395 227 23
745 228 18
468 229 13
599 230 10
217 231 70
893 232 42
55 233 25
72 234 14
408 235 70
334 236 20
46 237 20
921 238 25
279 239 51
847 240 42
118 241 57
416 242 23
523 243 32
614 244 15
615 245 78
429 246 39
61 247 69
163 248 92
903 249 49
88 250 41
770 251 16
166 252 8
745 253 17
68 254 16
184 255 43
489 256 35
403 257 10
549 258 56
488 259 98
123 260 54
428 261 26
103 262 77
402 263 36
903 264 12
336 265 82
32 266 27
767 267 48
160 268 100
640 269 26
929 270 61
941 271 37
694 272 78
928 273 38
476 274 93
313 275 47
714 276 34
961 277 63
751 278 50
525 279 49
646 280 46
988 281 50
567 282 79
247 283 9
945 284 88
737 285 2
609 286 8
563 287 22
307 288 6
790 289 54
389 290 32
322 291 77
935 292 39
299 293 35
286 294 88
23 295 77
740 296 74
249 297 77
197 298 53
69 299 46
626 300 61
729 301 84
563 302 49
477 303 81
267 304 15
908 305 73
794 306 68
368 307 48
993 308 86
683 309 39
353 310 38
825 311 14
707 312 91
210 313 21
32 314 87
948 315 67
960 316 8
754 317 67
181 318 91
190 319 82
589 320 95
590 321 18
912 322 2
306 323 13
552 324 93
896 325 67
543 326 94
492 327 30
865 328 1
852 329 51
812 330 75
558 331 30
782 332 46
395 333 2
619 334 56
198 335 93
606 336 97
353 337 53
319 338 66
713 339 62
786 340 70
889 341 65
849 342 57
746 343 53
187 344 45
490 345 40
177 346 50
875 347 50
683 348 84
939 349 27
881 350 98
146 351 28
460 352 15
984 353 39
847 354 74
867 355 95
683 356 40
658 357 24
372 358 22
258 359 72
416 360 51
466 361 84
185 362 4
783 363 38
934 364 94
880 365 16
158 366 51
242 367 8
837 368 4
864 369 17
725 370 5
966 371 21
596 372 79
383 373 93
283 374 83
687 375 66
431 376 6
91 377 48
85 378 25
914 379 59
667 380 26
673 381 54
401 382 4
915 383 59
961 384 10
533 385 20
976 386 100
606 387 85
41 388 91
799 389 20
28 390 69
961 391 61
859 392 60
837 393 37
336 394 65
756 395 19
300 396 33
741 397 39
166 398 93
729 399 26
831 400 39
505 401 99
64 402 94
499 403 8
754 404 93
830 405 12
787 406 5
820 407 6
943 408 46
779 409 89
880 410 31
993 411 77
211 412 29
729 413 10
685 414 24
542 415 13
708 416 41
338 417 81
788 418 66
453 419 66
990 420 42
466 421 25
182 422 91
593 423 79
650 424 32
287 425 95
659 426 95
109 427 75
669 428 69
9 429 97
207 430 22
918 431 55
860 432 23
952 433 59
426 434 21
591 435 88
74 436 69
900 437 81
234 438 18
243 439 17
42 440 98
971 441 45
388 442 42
236 443 8
7 444 59
435 445 95
581 446 98
788 447 5
545 448 84
194 449 91
826 450 76
207 451 58
898 452 1
574 453 94
649 454 69
886 455 31
872 456 100
576 457 28
249 458 100
54 459 81
345 460 70
82 461 52
362 462 52
255 463 81
658 464 36
591 465 46
585 466 57
511 467 31
435 468 76
140 469 77
519 470 52
902 471 83
792 472 75
120 473 21
804 474 52
821 475 81
502 476 86
288 477 67
202 478 13
749 479 11
891 480 89
783 481 53
337 482 71
576 483 47
675 484 23
288 485 78
964 486 68
540 487 1
192 488 85
512 489 21
350 490 5
190 491 34
480 492 59
66 493 63
60 494 35
5 495 76
690 496 91
45 497 81
813 498 62
601 499 28
107 500 58
934 501 37
292 502 40
771 503 92
285 504 81
632 505 89
57 506 95
783 507 57
82 508 53
705 509 91
951 510 95
658 511 37
606 512 13
182 513 74
648 514 61
388 515 37
336 516 54
485 517 97
238 518 93
283 519 90
954 520 70
326 521 40
991 522 30
933 523 1
641 524 59
687 525 95
460 526 83
857 527 31
912 528 32
181 529 92
42 530 64
902 531 13
443 532 63
64 533 30
905 534 25
730 535 36
427 536 26
591 537 25
236 538 68
829 539 66
889 540 69
260 541 81
740 542 38
162 543 90
836 544 93
688 545 58
776 546 60
450 547 87
193 548 2
674 549 90
299 550 41
307 551 55
358 552 73
603 553 86
55 554 60
4 555 69
462 556 87
578 557 50
732 558 51
886 559 82
660 560 33
927 561 92
40 562 49
691 563 92
40 564 76
977 565 16
909 566 40
316 567 34
978 568 36
250 569 14
271 570 56
783 571 80
29 572 32
455 573 94
133 574 98
432 575 46
669 576 87
943 577 21
900 578 66
606 579 33
493 580 94
505 581 61
144 582 55
345 583 76
680 584 92
664 585 37
292 586 15
876 587 56
825 588 98
854 589 56
928 590 14
891 591 97
451 592 98
122 593 63
670 594 23
907 595 71
804 596 92
271 597 7
828 598 39
211 599 72
740 600 45
559 601 63
308 602 1
173 603 31
814 604 91
370 605 22
453 606 54
933 607 80
872 608 91
489 609 40
789 610 99
744 611 4
752 612 38
890 613 20
888 614 95
476 615 17
917 616 64
160 617 67
793 618 32
74 619 68
100 620 99
975 621 30
712 622 76
957 623 49
295 624 72
262 625 26
954 626 47
662 627 75
681 628 62
937 629 21
300 630 10
223 631 47
300 632 45
377 633 90
260 634 61
72 635 25
586 636 81
6 637 7
947 638 42
484 639 66
59 640 46
653 641 15
499 642 42
813 643 7
783 644 9
568 645 85
276 646 34
71 647 8
408 648 94
236 649 76
269 650 72
589 651 55
890 652 86
399 653 36
454 654 60
801 655 31
201 656 71
920 657 13
23 658 38
408 659 65
638 660 17
377 661 71
711 662 67
452 663 42
538 664 38
552 665 23
680 666 11
55 667 29
499 668 96
187 669 37
652 670 33
860 671 35
426 672 29
666 673 58
272 674 59
429 675 35
996 676 26
516 677 65
876 678 88
124 679 9
362 680 63
859 681 68
156 682 36
243 683 77
187 684 88
232 685 82
397 686 46
422 687 37
338 688 24
399 689 60
267 690 13
586 691 35
819 692 2
56 693 60
356 694 91
948 695 19
779 696 71
582 697 90
923 698 89
852 699 64
671 700 33
218 701 34
551 702 73
453 703 69
904 704 5
321 705 74
686 706 31
526 707 52
559 708 97
603 709 54
246 710 62
906 711 4
11 712 69
470 713 41
768 714 4
340 715 87
526 716 7
888 717 6
801 718 10
767 719 61
187 720 13
393 721 92
493 722 30
289 723 96
703 724 23
162 725 71
590 726 71
370 727 7
952 728 79
268 729 6
301 730 30
8 731 93
345 732 35
537 733 49
726 734 29
924 735 94
315 736 59
628 737 59
17 738 90
550 739 59
249 740 18
79 741 89
624 742 94
769 743 71
644 744 79
455 745 79
329 746 28
147 747 59
746 748 66
110 749 66
375 750 81
704 751 14
645 752 19
84 753 26
914 754 72
257 755 81
260 756 54
988 757 42
635 758 97
747 759 27
370 760 71
241 761 10
537 762 11
42 763 26
376 764 48
518 765 24
860 766 65
532 767 40
471 768 85
393 769 12
450 770 36
116 771 16
80 772 91
369 773 70
73 774 81
390 775 25
742 776 41
755 777 22
454 778 23
142 779 12
804 780 36
103 781 8
46 782 53
467 783 35
594 784 26
152 785 60
821 786 86
96 787 20
951 788 20
498 789 30
582 790 29
768 791 50
264 792 54
435 793 87
578 794 38
719 795 55
414 796 6
682 797 81
431 798 62
632 799 4
263 800 94
951 801 48
659 802 24
628 803 84
583 804 59
561 805 13
299 806 65
119 807 28
568 808 55
558 809 97
413 810 62
620 811 30
336 812 88
49 813 47
486 814 3
838 815 61
42 816 61
697 817 52
986 818 55
638 819 63
523 820 30
601 821 90
625 822 85
693 823 90
598 824 86
5 825 41
54 826 9
924 827 37
434 828 96
543 829 61
48 830 78
52 831 50
607 832 89
991 833 76
427 834 25
838 835 28
763 836 57
708 837 79
247 838 30
853 839 55
30 840 5
255 841 10
17 842 96
858 843 15
549 844 94
867 845 56
970 846 14
122 847 92
803 848 27
760 849 25
662 850 77
258 851 51
612 852 89
464 853 46
408 854 75
425 855 42
951 856 51
651 857 15
324 858 64
954 859 90
981 860 81
153 861 6
14 862 10
749 863 62
944 864 22
135 865 86
139 866 38
35 867 4
802 868 54
632 869 18
424 870 40
295 871 4
788 872 22
897 873 49
839 874 26
461 875 40
238 876 5
280 877 7
997 878 19
714 879 84
363 880 72
582 881 46
30 882 24
447 883 89
858 884 31
99 885 33
462 886 34
256 887 91
483 888 78
815 889 54
844 890 38
9 891 83
15 892 100
445 893 80
186 894 48
350 895 54
216 896 85
282 897 29
439 898 80
201 899 98
710 900 48
72 901 9
552 902 22
110 903 35
920 904 77
352 905 28
878 906 94
515 907 99
443 908 49
973 909 12
945 910 89
264 911 90
533 912 81
759 913 63
860 914 32
967 915 84
558 916 13
516 917 37
863 918 10
14 919 56
599 920 27
831 921 47
818 922 52
349 923 68
571 924 67
391 925 6
629 926 70
315 927 3
521 928 4
764 929 63
884 930 78
167 931 71
986 932 56
849 933 4
223 934 65
82 935 8
568 936 70
460 937 22
211 938 76
744 939 41
107 940 20
745 941 68
729 942 30
831 943 99
111 944 68
400 945 50
161 946 92
8 947 82
326 948 7
883 949 36
888 950 52
229 951 27
597 952 85
83 953 68
453 954 26
410 955 55
161 956 11
270 957 28
89 958 97
766 959 25
504 960 88
604 961 59
771 962 95
272 963 99
16 964 69
561 965 4
273 966 27
604 967 21
189 968 12
650 969 67
666 970 13
728 971 67
670 972 91
455 973 65
35 974 80
530 975 60
279 976 47
847 977 37
344 978 17
746 979 88
678 980 42
667 981 5
281 982 6
332 983 52
164 984 15
643 985 70
169 986 7
683 987 86
273 988 63
559 989 41
259 990 69
329 991 8
170 992 91
955 993 38
11 994 95
10 995 3
18 996 20
871 997 13
172 998 81
278 999 60
794 248 40
761 753 1
18 870 26
615 77 30
219 180 53
955 996 97
382 380 49
410 30 24
850 363 85
957 561 51
868 357 3
528 565 64
878 661 59
285 754 14
119 847 72
422 708 15
330 839 18
129 205 91
95 787 85
664 300 98
859 796 89
172 971 74
708 184 59
696 561 15
584 641 6
641 602 61
770 114 14
889 446 94
849 757 68
696 971 19
238 296 63
113 133 40
149 524 40
636 644 14
989 810 30
395 410 85
789 716 19
50 615 46
52 542 15
362 539 22
190 544 50
837 157 1
396 173 2
965 533 1
994 48 47
103 492 27
11 2 44
523 564 34
399 22 59
176 892 45
118 556 40
382 481 76
351 755 59
530 678 32
940 839 38
457 154 66
406 810 38
31 441 80
471 192 87
609 555 93
252 616 12
937 607 3
242 68 79
244 157 66
959 0 19
154 249 52
22 557 71
610 380 54
162 795 47
662 811 41
866 309 29
169 391 78
413 434 70
587 96 5
840 450 60
936 687 68
970 905 33
195 576 84
117 310 39
0 381 75
301 638 52
124 737 12
37 228 67
439 159 5
534 789 51
386 774 99
8 304 19
547 360 41
16 62 8
136 568 10
934 872 83
751 544 54
69 491 79
897 410 16
135 525 86
765 376 52
874 735 48
803 492 48
430 830 43
375 518 80
275 183 47
552 658 76
266 416 76
882 577 87
100 701 32
80 385 79
444 801 48
534 994 80
368 33 11
545 410 67
136 359 95
302 39 34
502 882 71
939 797 24
481 920 3
135 854 68
401 264 15
679 624 73
139 974 31
282 705 93
859 211 94
705 823 13
699 998 37
468 314 42
547 899 76
60 985 68
900 297 71
628 295 86
314 174 49
545 258 68
34 782 26
521 390 31
228 937 7
953 670 10
929 401 71
906 253 24
284 120 36
411 472 87
253 388 27
23 173 98
256 962 38
710 235 39
833 260 100
910 95 96
677 976 99
1 631 54
997 360 88
590 889 57
373 422 36
965 907 72
785 928 36
390 730 74
430 219 11
552 191 54
178 40 8
592 947 51
866 82 8
532 804 44
236 321 90
281 604 50
661 242 39
510 790 9
300 164 51
622 449 61
132 388 40
679 864 59
67 182 93
932 754 56
948 473 69
396 965 34
563 889 42
672 869 71
367 754 24
730 505 22
651 27 57
82 109 25
520 880 30
425 334 84
815 674 91
398 876 8
770 997 57
150 303 91
550 127 15
569 628 95
389 722 45
687 145 53
725 694 34
99 506 5
914 437 21
578 207 52
793 845 89
36 126 66
691 673 99
938 350 37
727 734 88
266 148 95
195 388 78
470 66 18
965 875 32
115 858 65
775 692 7
333 598 71
620 733 45
837 73 11
505 58 46
294 506 98
566 207 64
840 219 73
812 250 3
629 811 99
866 423 60
520 449 43
529 81 22
460 428 87
356 857 88
287 141 24
943 800 14
697 236 53
968 737 15
812 77 97
321 193 80
415 650 81
652 685 47
687 23 74
263 599 64
380 123 37
491 926 56
574 297 49
72 800 72
594 479 9
786 860 72
500 301 4
151 261 31
9 450 34
577 567 33
300 793 81
196 417 86
152 239 36
196 764 27
214 974 14
725 649 52
153 315 4
41 890 95
434 246 53
167 240 46
864 423 52
839 692 96
464 1 52
382 935 24
385 122 15
366 69 44
738 342 74
241 202 94
59 736 51
373 247 23
255 382 39
132 373 93
330 762 62
978 671 62
452 237 27
696 489 48
610 101 88
706 544 79
404 861 83
954 411 7
694 988 22
852 973 18
597 816 95
777 533 46
163 209 89
732 403 5
388 10 91
728 221 67
711 623 49
530 142 93
8 883 16
566 383 24
148 92 47
648 780 59
368 614 26
632 732 85
129 331 97
418 757 64
367 813 40
534 301 40
411 723 93
697 240 99
750 699 44
941 845 99
687 9 62
240 868 63
905 55 60
904 730 47
734 721 83
851 782 46
316 269 35
952 902 8
789 516 37
130 667 77
649 487 82
280 429 54
697 984 94
164 350 71
698 341 11
598 60 88
488 216 55
760 735 10
640 874 1
703 59 91
614 294 46
820 617 37
234 189 64
560 471 55
110 978 78
104 78 89
741 908 14
579 744 99
487 211 90
91 889 70
473 880 77
940 424 84
99 600 50
726 418 57
970 593 85
173 394 27
215 813 33
729 216 45
860 502 88
793 841 99
941 819 30
698 459 99
485 968 30
574 796 6
496 92 71
507 46 17
379 687 19
86 797 88
243 355 72
534 79 97
640 402 6
344 777 26
169 56 73
947 17 25
183 313 21
886 949 23
316 655 10
751 678 95
755 973 8
267 944 40
932 861 33
432 726 59
477 489 13
847 39 68
834 292 70
927 143 39
504 667 14
890 794 72
668 516 66
243 560 53
208 219 97
284 862 23
443 189 28
384 132 8
83 398 33
783 212 95
835 980 38
235 937 57
299 342 82
415 362 34
368 98 62
868 663 61
541 92 40
707 636 24
647 705 40
163 539 100
497 628 62
568 754 53
393 35 84
837 209 58
945 331 14
123 421 18
990 938 54
909 383 40
82 162 13
408 818 45
786 584 54
232 761 32
269 307 98
721 172 94
310 329 70
84 813 61
974 367 16
502 783 68
3 269 99
867 589 29
172 80 58
907 81 13
925 669 44
780 765 82
23 304 17
778 434 73
289 421 91
781 651 32
48 379 7
435 540 66
475 809 16
445 874 70
499 107 75
682 361 3
476 224 66
198 870 36
22 462 25
602 559 81
489 68 31
136 290 63
55 690 71
91 493 87
953 749 50
779 753 80
716 765 33
260 685 18
653 269 79
716 76 76
305 321 51
199 25 43
510 29 30
386 275 39
739 14 28
517 138 22
283 888 40
634 991 89
656 462 7
235 999 51
943 361 81
504 117 33
320 887 80
596 370 14
166 483 30
670 577 6
554 474 78
259 358 49
494 211 78
646 429 91
622 601 16
72 241 1
525 631 2
57 357 81
32 56 73
108 870 70
389 692 75
655 115 76
78 769 17
248 780 67
686 810 78
87 64 32
175 978 15
444 359 97
672 266 87
21 448 85
768 957 77
578 865 45
788 198 42
388 956 83
253 248 13
571 998 78
612 449 5
282 500 22
640 270 9
903 493 63
30 488 20
147 617 99
326 458 36
913 169 54
464 554 94
355 897 10
683 72 12
896 545 23
318 519 26
228 665 47
884 270 87
369 431 33
640 751 87
653 627 2
568 585 95
487 279 83
826 761 21
783 684 47
599 673 69
905 875 23
943 653 30
864 521 37
343 164 94
437 278 18
27 304 53
988 11 11
465 614 99
580 642 61
402 921 46
591 823 89
344 966 79
487 828 52
756 937 86
684 980 10
730 525 45
133 374 11
382 356 49
264 405 44
298 308 95
344 575 88
582 447 99
981 795 95
216 655 86
991 89 1
854 238 31
6 388 57
819 277 96
989 533 68
18 501 48
128 411 74
864 406 21
817 174 30
984 911 77
404 199 92
774 400 72
60 809 40
220 86 6
592 108 85
975 475 43
445 852 5
348 347 48
223 433 68
308 607 20
61 941 88
539 509 94
816 897 42
535 686 56
102 718 33
391 440 100
910 582 56
360 376 73
290 404 41
593 651 55
206 660 70
676 514 6
971 134 98
297 220 44
503 700 12
303 169 47
585 873 19
164 745 15
538 205 49
628 331 16
607 194 8
722 646 97
73 292 83
817 571 44
983 686 38
912 41 59
714 94 23
504 271 32
325 945 85
202 306 96
494 360 77
867 777 100
314 961 64
360 250 26
299 843 95
656 997 67
898 325 32
894 673 11
761 420 5
190 662 15
18 985 14
311 815 43
163 391 78
425 595 40
646 333 35
741 997 51
421 237 34
86 929 56
36 146 11
995 424 13
67 47 8
398 315 17
58 387 87
3 850 34
585 82 57
238 681 17
522 48 79
526 411 26
284 333 93
553 124 86
356 157 80
334 605 45
240 590 84
583 7 22
416 671 60
460 942 49
596 421 57
908 275 17
651 340 20
837 377 16
828 502 96
459 412 89
160 702 86
520 157 10
252 82 99
544 378 93
593 134 53
788 206 90
298 867 32
532 192 99
72 406 40
796 648 84
729 340 74
126 666 8
669 409 99
950 497 48
99 511 92
255 91 43
163 653 99
981 937 48
395 262 76
292 433 85
546 815 50
679 13 27
838 821 76
845 825 33
426 981 23
440 858 69
397 571 71
530 858 38
121 329 62
229 932 58
554 162 2
28 317 2
870 816 52
186 988 23
372 11 7
418 675 88
173 983 60
975 757 74
829 490 57
49 734 27
826 208 10
69 539 80
833 647 14
344 409 23
766 771 19
448 95 4
208 951 86
693 662 59
303 716 38
719 352 94
293 539 56
74 138 36
821 980 15
400 597 34
628 544 24
315 10 38
430 314 8
77 901 80
493 470 100
801 4 97
488 444 39
309 568 90
830 153 13
121 490 16
244 424 77
557 466 69
307 662 26
532 923 44
239 460 17
26 44 9
976 490 69
191 746 38
369 470 85
148 864 77
175 660 79
946 230 92
823 373 95
475 348 60
914 782 100
10 492 39
347 551 25
23 402 29
142 829 43
84 201 93
487 65 75
616 408 67
829 243 67
482 230 62
669 122 15
454 943 17
857 133 87
501 682 8
123 851 97
85 368 25
234 647 54
681 411 96
759 793 61
98 249 87
106 139 16
742 292 67
232 527 24
199 261 15
513 559 90
834 96 10
455 623 92
959 1 84
736 428 23
274 896 19
868 566 68
266 780 71
487 32 37
292 493 9
766 525 5
592 135 4
40 842 24
234 337 14
952 701 55
379 420 28
718 833 30
467 932 47
912 663 49
341 420 26
969 261 33
621 623 63
623 408 27
124 515 92
508 493 35
993 131 85
957 946 30
691 404 23
731 830 85
803 41 59
519 14 25
893 955 77
821 761 83
606 844 52
525 6 36
25 154 84
636 830 44
457 924 72
138 447 6
729 607 13
576 253 56
490 221 74
354 427 78
281 620 39
311 4 33
691 852 78
895 711 24
44 361 62
75 480 65
81 22 6
828 177 63
392 343 2
321 610 85
91 592 67
588 791 30
296 729 23
548 726 95
386 496 58
80 561 10
937 317 27
136 132 60
987 362 43
492 848 10
936 859 53
567 7 85
948 518 56
722 828 90
339 302 58
989 502 1
983 419 69
103 866 41
565 654 5
913 947 87
66 161 53
540 760 59
872 76 78
375 630 60
465 184 54
3 908 3
702 945 7
99 549 61
120 382 85
206 554 21
600 7 58
140 30 15
666 682 24
522 329 1
124 331 35
159 999 37
781 732 4
563 316 70
424 542 85
850 81 8
888 612 34
470 891 56
844 878 77
132 576 43
529 510 96
789 540 35
99 814 87
569 662 89
25 994 1
874 784 61
183 483 77
969 993 29
279 984 6
999 258 70
297 785 7
406 100 8
789 676 7
899 864 10
655 971 88
875 760 17
128 550 22
98 737 77
55 620 13
458 666 15
301 185 28
394 608 32
637 228 65
328 429 65
505 953 81
935 888 53
214 219 39
930 652 75
741 576 9
26 926 56
258 777 4
250 935 100
82 788 85
669 93 82
187 701 11
558 841 40
938 403 36
359 660 100
156 298 18
774 964 46
530 15 20
203 487 46
650 494 17
113 602 71
101 538 29
86 574 46
726 535 85
343 675 54
137 150 21
744 25 80
512 119 89
703 783 8
551 244 86
378 463 24
53 473 69
26 828 31
496 130 21
320 511 62
702 648 26
502 564 26
264 925 87
588 448 28
746 403 59
272 709 25
99 626 46
848 405 21
98 586 2
458 102 34
657 418 31
256 466 92
826 485 92
369 490 31
23 112 53
39 699 48
100 893 74
500 32 91
150 885 82
427 54 69
527 997 14
270 867 72
206 513 83
230 76 8
913 72 92
786 124 3
145 216 74
539 650 90
356 278 45
160 440 54
870 215 23
661 409 86
57 649 87
183 540 65
626 964 53
502 170 20
543 641 65
359 553 69
752 908 19
190 595 84
921 311 31
495 640 3
631 472 7
786 442 100
515 438 55
196 109 62
587 770 51
407 68 34
621 521 89
723 488 24
661 320 85
122 424 79
260 762 88
783 100 98
514 790 47
372 523 73
652 731 95
874 400 38
326 519 21
639 389 85
703 493 67
812 838 76
349 242 17
431 667 77
82 507 40
110 179 93
786 92 38
542 517 54
470 651 54
800 150 93
908 596 26
839 69 69
288 161 43
251 888 62
805 943 67
662 564 29
651 277 20
427 22 52
798 387 28
135 393 46
466 747 46
915 302 56
471 170 21
470 559 98
442 302 35
863 444 52
389 824 48
501 594 78
433 484 53
826 395 58
883 229 21
392 702 32
783 121 60
244 439 20
867 168 70
565 878 82
447 968 2
63 482 4
379 593 31
528 893 50
362 837 13
581 145 65
356 476 82
52 753 53
272 905 43
103 810 87
90 588 3
615 384 37
585 247 8
96 942 89
387 562 87
191 141 5
133 361 70
969 115 3
177 905 71
578 10 56
795 19 64
651 541 9
75 844 70
85 270 4
597 264 11
341 1 91
703 169 10
721 810 43
372 157 13
941 427 52
953 667 14
622 846 87
672 745 87
972 394 40
589 326 94
145 297 99
740 447 61
422 962 82
417 667 72
247 106 76
791 168 4
25 337 24
534 914 30
735 217 32
262 291 71
560 922 42
936 286 45
616 844 26
34 293 38
226 339 51
985 519 58
174 62 92
13 991 36
716 3 37
972 718 73
487 599 79
730 435 22
462 792 65
116 907 49
913 23 79
913 202 71
594 308 22
56 82 12
618 350 84
230 263 35
378 97 58
927 256 66
479 311 56
630 787 4
445 97 27
740 888 25
854 93 61
786 413 63
795 183 64
744 99 20
904 583 64
442 320 44
391 104 7
190 523 10
311 804 81
943 182 28
64 484 21
20 522 6
193 810 21
937 729 47
41 375 38
747 816 26
113 754 90
8 825 99
519 795 44
108 459 40
795 139 18
509 575 24
758 217 27
978 656 75
753 299 70
232 258 58
836 576 89
660 66 73
843 645 89
999 176 40
254 227 77
540 296 27
687 804 53
694 149 94
336 130 82
492 273 33
835 149 69
960 888 59
688 639 12
609 575 75
380 262 63
642 49 96
644 574 37
706 700 2
594 700 35
216 252 3
893 756 23
629 615 68
970 882 14
743 807 12
95 950 6
747 725 6
811 189 21
447 341 16
476 99 27
17 742 63
292 285 3
806 918 9
962 917 2
766 649 53
575 333 15
997 590 55
515 307 56
838 211 92
326 162 25
784 718 6
861 685 91
906 191 74
544 543 31
335 634 53
817 105 20
682 575 52
318 531 9
111 563 92
916 162 33
395 764 61
654 405 85
848 930 96
952 901 94
236 801 76
115 943 39
690 399 48
526 453 22
545 256 80
526 782 55
908 195 22
520 821 37
314 459 39
493 286 9
78 383 20
818 187 61
52 272 18
965 770 90
390 931 39
385 230 49
328 571 3
489 30 41
696 448 16
140 323 60
199 62 7
209 23 79
74 569 3
809 65 9
444 981 10
45 56 48
101 970 38
160 388 50
848 595 3
828 175 30
620 7 32
744 522 52
935 311 79
453 423 30
641 933 60
440 321 57
328 487 33
428 363 96
46 572 12
701 917 93
455 859 61
411 713 35
55 255 7
554 361 66
602 762 35
560 99 44
894 676 46
945 771 88
246 23 55
701 802 17
812 166 16
90 663 77
330 652 57
481 985 83
517 711 45
969 437 95
527 86 100
766 200 76
265 797 69
143 571 33
694 897 78
685 11 63
168 930 59
452 821 92
539 471 89
722 316 71
912 379 20
122 738 66
114 271 76
339 445 26
829 381 1
187 2 32
20 776 67
573 277 28
338 712 86
963 516 7
222 290 64
35 552 84
963 128 3
674 824 69
86 204 15
667 171 84
633 789 48
97 320 28
713 321 43
514 634 29
617 327 31
356 752 85
773 220 32
654 827 52
357 754 87
756 870 37
954 554 75
249 152 17
573 904 11
702 557 73
732 518 57
497 519 87
349 563 63
457 526 43
455 553 55
64 911 81
456 876 75
613 649 94
830 648 11
283 203 87
944 35 92
753 122 42
590 357 35
162 563 54
15 598 19
862 96 94
644 889 38
894 152 74
415 169 100
597 6 4
180 329 39
243 919 16
983 440 21
522 656 39
100 200 67
789 136 14
677 891 45
902 199 71
813 241 65
593 822 1
212 705 78
617 368 26
749 357 48
440 486 93
586 634 41
138 874 85
15 291 66
301 570 11
18 784 49
443 521 63
432 598 20
190 687 49
377 394 21
60 578 94
653 25 50
24 141 40
913 844 16
286 50 32
327 372 3
570 359 30
47 183 35
904 879 32
188 373 52
919 711 91
165 571 1
491 676 78
622 35 44
340 751 22
759 5 49
638 388 58
642 280 62
678 218 54
860 745 4
108 342 83
306 584 51
794 119 68
553 784 12
115 312 89
408 625 2
797 960 69
409 672 38
570 755 22
844 759 81
96 611 87
942 876 99
209 0 81
275 402 5
487 480 82
682 758 88
128 99 12
705 112 86
684 521 41
187 79 37
281 148 34
280 390 30
883 227 92
194 743 19
994 217 95
9 877 27
8 48 21
323 291 91
564 600 19
270 750 9
453 748 31
39 380 7
422 830 26
778 744 2
138 919 54
229 214 55
300 935 68
284 297 23
747 400 24
494 578 64
184 592 40
546 853 51
21 496 45
318 761 72
733 261 60
132 378 44
913 828 25
491 301 86
150 53 39
315 620 49
403 259 5
639 65 85
274 915 2
795 598 92
601 714 31
371 727 50
953 826 10
111 224 77
706 749 39
464 250 3
460 991 92
509 843 94
188 529 9
620 472 22
939 522 67
629 848 41
380 749 66
353 7 52
882 969 67
326 502 46
295 30 52
883 786 88
259 788 73
15 932 51
719 856 38
60 252 64
278 40 87
601 354 14
604 862 88
690 271 11
811 335 72
599 543 70
106 134 100
157 551 29
285 93 83
794 900 95
377 881 31
543 867 22
695 372 82
369 451 51
748 986 10
845 354 19
621 620 93
476 885 8
123 189 68
204 793 22
764 505 9
139 883 2
643 921 18
323 989 71
60 818 52
924 852 25
693 522 78
433 212 99
103 300 75
874 341 20
967 796 26
288 296 91
549 58 47
719 694 67
763 516 22
836 260 44
307 988 79
335 90 20
781 622 49
265 408 41
710 418 45
901 871 72
553 484 19
207 574 53
420 836 18
107 50 81
203 649 66
904 678 80
625 315 86
145 96 8
531 57 57
134 938 28
125 853 8
104 535 61
387 711 99
660 5 37
117 500 61
671 535 60
82 273 51
913 905 24
970 716 93
878 505 61
949 14 68
500 40 29
944 963 95
856 852 17
410 947 46
27 533 14
701 86 29
333 285 34
711 873 18
542 39 48
593 502 12
761 644 43
146 433 36
731 594 79
4 702 76
684 913 79
868 68 4
776 340 97
616 8 70
39 70 99
431 91 33
515 884 18
220 911 39
741 577 57
979 831 82
282 716 29
673 718 58
935 749 56
449 69 8
476 498 56
838 538 51
870 795 25
361 630 50
568 112 27
739 988 20
352 222 19
671 231 10
869 207 1
829 245 67
211 294 75
801 261 27
973 490 45
139 341 49
183 538 35
303 324 8
374 279 51
120 788 27
998 763 9
678 924 79
239 798 60
356 838 41
391 779 82
675 718 22
852 400 78
776 807 14
870 281 3
702 298 44
791 28 27
540 581 44
581 318 40
610 537 24
699 81 89
919 531 89
86 678 55
712 753 41
907 25 20
740 952 9
806 483 39
467 884 100
893 363 10
838 456 83
464 31 80
219 909 46
477 260 24
952 754 35
37 551 14
247 568 62
240 439 6
668 741 59
53 534 66
432 735 67
451 280 10
49 369 3
726 604 72
506 792 96
622 386 91
918 543 25
827 779 51
53 263 71
532 325 69
196 629 63
689 551 27
0 240 70
813 131 40
585 124 67
245 756 66
629 337 99
950 294 58
806 844 87
989 916 41
273 792 73
692 643 89
406 468 72
339 967 89
304 466 81
179 503 93
3 245 52
533 178 26
497 109 68
266 383 64
868 734 36
594 684 59
621 1 56
186 66 15
839 72 80
430 118 93
667 140 87
477 757 93
740 621 5
280 45 80
810 20 14
284 863 88
0 763 24
74 836 48
952 705 29
232 212 100
802 236 78
587 719 22
260 128 97
143 774 87
500 940 75
356 357 39
647 568 66
173 83 54
946 827 100
113 287 66
635 893 37
479 766 51
712 403 51
980 129 77
514 608 42
244 652 33
28 556 35
916 414 80
124 873 81
865 64 84
542 743 23
820 332 66
15 473 63
273 955 50
772 187 46
388 659 81
110 339 62
752 536 85
360 509 77
176 452 89
304 461 81
249 108 30
928 269 16
429 3 89
791 63 20
985 712 52
508 102 33
61 849 80
155 629 59
230 183 99
159 611 31
689 433 66
512 806 7
395 86 100
487 845 82
894 267 6
223 376 83
58 896 16
362 106 16
859 192 27
861 368 87
256 587 55
161 897 14
202 518 5
284 984 47
325 666 73
397 225 81
264 507 35
782 316 48
671 401 57
556 954 45
222 786 78
357 886 19
266 790 33
427 726 33
246 903 29
208 513 51
118 926 61
509 287 26
868 633 79
516 775 88
353 394 44
265 908 97
325 652 67
492 3 44
936 228 72
255 819 86
912 111 51
36 866 2
521 476 20
237 887 32
408 520 11
188 816 48
692 302 16
662 465 99
776 997 22
289 856 63
890 721 57
966 622 66
472 465 13
696 617 31
154 161 19
626 591 77
368 816 84
841 335 95
771 823 97
817 453 92
837 2 27
765 604 97
913 989 23
423 361 21
753 470 84
485 664 42
827 544 65
340 829 39
0 205 31
272 425 82
907 435 58
982 121 67
978 390 29
685 51 14
779 791 23
882 251 69
860 887 5
953 153 88
191 833 18
932 124 27
59 78 60
204 619 21
526 394 82
383 148 52
94 274 23
711 136 73
244 49 32
944 135 28
151 959 47
668 30 11
86 445 79
439 903 29
6 911 75
145 689 92
380 418 22
742 231 89
850 979 91
616 810 66
292 168 97
252 940 1
903 221 40
967 275 90
358 174 11
896 18 23
545 243 7
131 423 44
13 668 20
630 766 10
985 954 85
408 924 66
297 310 64
548 44 6
236 520 52
226 407 76
240 327 78
131 682 63
416 130 54
451 360 15
805 593 65
786 154 75
71 167 40
466 675 64
550 200 88
635 551 5
420 656 51
44 560 32
474 749 28
578 839 47
20 293 64
602 309 59
730 46 12
937 293 5
483 43 87
640 690 20
139 58 88
452 848 63
445 203 15
183 454 91
588 855 76
131 990 23
19 912 63
700 651 64
567 849 11
367 576 3
502 453 52
413 126 94
236 2 18
882 770 58
63 228 91
458 649 39
445 41 24
597 53 82
736 55 46
356 394 71
855 859 5
861 433 85
28 783 29
924 979 31
510 432 19
371 645 44
902 871 12
246 223 93
901 463 63
424 928 65
352 804 21
852 45 100
599 544 2
911 698 13
514 254 71
649 214 95
769 381 81
394 566 67
399 599 95
785 814 26
909 609 55
172 45 57
283 859 49
674 477 41
438 493 29
814 110 45
690 529 30
246 234 8
827 293 7
803 306 21
517 128 4
304 330 8
346 539 25
638 833 3
163 145 85
637 571 99
8 913 26
860 14 24
561 315 26
293 726 39
101 823 66
74 686 15
762 960 38
132 143 4
663 120 31
119 505 85
201 322 52
463 154 20
466 771 43
95 726 91
964 556 24
207 909 65
510 598 77
934 868 13
279 182 6
689 117 78
678 463 27
717 736 10
103 467 69
704 693 53
43 547 60
883 525 43
1 280 15
94 587 58
426 568 65
869 223 45
604 571 6
602 14 35
93 978 33
650 254 81
697 648 66
233 31 46
15 325 25
963 214 26
516 940 18
873 783 92
819 99 53
857 693 1
30 932 99
290 899 44
563 461 72
487 559 17
954 380 59
93 356 4
605 317 82
824 653 18
885 866 50
574 682 92
257 225 65
226 642 26
320 109 36
697 694 36
515 636 18
452 797 2
454 336 94
829 918 30
993 907 16
934 720 56
427 302 47
45 621 75
253 480 34
712 478 35
250 392 46
148 766 15
958 525 41
566 290 60
904 455 30
687 428 16
819 205 43
452 816 13
45 777 34
510 16 43
956 564 89
391 190 80
486 796 50
489 322 90
274 856 18
468 302 39
990 827 31
215 661 49
546 920 53
591 354 66
81 198 23
518 464 83
318 909 38
88 507 75
402 826 20
758 397 83
284 466 73
178 420 2
717 308 86
839 585 96
603 57 48
693 688 40
967 161 44
903 677 74
655 871 94
319 607 2
748 870 22
630 444 31
966 299 27
933 359 67
357 854 32
995 185 39
473 592 45
412 552 44
945 440 22
256 604 15
22 872 32
559 138 62
509 332 35
783 858 8
827 184 49
499 52 47
332 968 49
225 285 94
791 785 46
130 413 36
53 501 94
283 815 50
877 325 68
862 870 21
901 963 13
153 284 55
300 7 49
18 656 83
644 486 31
456 833 39
60 228 66
883 60 37
557 193 89
162 214 64
342 564 96
458 434 42
194 608 37
735 221 87
507 309 23
518 489 9
944 154 35
349 550 20
822 84 63
593 418 64
246 449 85
664 223 36
740 304 42
963 485 70
993 760 90
238 233 74
377 568 3
724 964 62
981 97 12
199 328 85
950 201 37
366 794 84
331 967 52
361 834 58
206 410 17
249 61 26
621 898 37
420 90 92
421 658 80
658 289 46
920 307 81
372 506 11
282 940 33
985 720 19
208 318 100
708 346 84
899 814 56
865 102 43
537 657 35
242 184 41
25 526 86
86 57 1
749 602 66
944 533 98
628 567 47
130 780 99
871 486 18
171 905 74
510 65 12
868 613 6
347 723 21
357 346 80
162 23 64
73 935 13
514 72 20
890 422 80
504 167 70
866 617 52
246 282 88
799 831 61
454 691 55
463 336 16
453 254 45
84 582 11
815 776 19
658 707 3
740 491 2
715 40 7
889 832 88
354 365 68
733 112 25
923 531 79
43 895 64
780 590 99
259 480 38
776 12 22
214 849 33
608 498 50
668 397 97
985 582 8
118 86 21
915 242 61
250 55 63
732 427 55
602 861 91
713 285 16
704 957 35
305 2 28
949 11 24
284 276 43
764 650 67
418 718 98
320 784 21
584 248 7
959 68 64
902 762 5
994 792 23
183 618 40
591 197 56
916 873 92
486 234 45
679 666 8
544 692 75
91 488 34
663 113 100
626 297 35
739 383 40
344 67 52
945 25 17
83 438 79
719 622 33
42 27 88
582 248 47
92 662 25
452 463 62
579 511 85
263 85 16
425 930 29
487 310 61
989 780 18
492 406 53
457 422 67
391 449 15
454 52 80
249 946 91
620 341 62
709 427 20
3 608 52
704 678 5
333 961 87
94 567 10
274 23 40
429 652 12
364 59 49
498 872 24
69 277 9
755 890 15
393 185 87
652 308 87
486 525 59
533 405 55
131 10 24
272 926 31
653 127 68
665 72 58
529 277 3
651 385 65
612 462 83
369 10 44
657 600 95
501 393 40
595 868 77
153 198 2
474 540 73
33 100 57
854 870 81
23 420 84
155 91 88
410 874 73
363 632 82
390 170 16
745 814 91
782 859 69
72 310 1
630 928 62
777 484 66
182 524 35
978 714 24
142 186 9
49 175 61
584 836 49
61 357 86
155 839 100
45 271 94
427 932 77
191 629 35
376 966 26
491 881 68
865 29 75
312 459 71
914 662 73
256 634 40
951 980 2
691 405 16
684 490 97
245 779 38
856 205 81
691 696 95
794 131 39
119 924 31
96 810 100
420 250 100
106 197 36
519 641 60
592 485 56
720 214 91
395 623 37
99 531 16
183 274 81
306 14 12
195 827 20
973 143 69
997 553 90
394 366 32
537 783 53
232 464 86
838 467 65
957 71 88
416 327 90
925 444 37
451 751 26
709 823 69
882 394 64
391 239 66
219 252 40
141 553 27
210 530 70
996 595 11
500 541 50
357 209 65
596 829 99
271 915 77
430 853 83
102 69 64
326 511 92
48 231 96
607 91 39
240 10 18
303 620 85
563 376 29
645 927 26
19 312 1
249 824 60
540 262 68
92 975 32
766 797 37
766 972 70
83 174 1
723 710 3
176 226 41
821 50 6
675 535 67
677 237 6
92 45 100
28 258 31
844 558 8
336 116 10
640 601 97
392 334 15
959 670 20
268 313 65
753 64 20
971 832 18
319 492 67
890 919 55
513 284 84
92 844 24
41 552 68
898 552 81
366 826 83
514 690 85
386 787 13
770 372 2
69 383 2
61 344 15
952 173 6
332 714 54
897 806 13
713 657 35
680 900 16
319 131 85
732 313 68
132 803 82
190 112 73
729 474 47
797 198 35
563 305 5
110 725 68
837 302 62
505 280 38
829 710 77
901 576 8
826 889 14
203 32 91
282 384 49
205 560 66
885 343 55
395 328 67
792 869 90
617 212 25
897 961 98
303 310 5
949 398 83
563 720 6
152 608 19
505 939 58
327 405 94
17 711 33
280 620 55
815 981 43
952 416 82
741 297 75
673 366 84
405 615 59
127 714 19
735 807 9
851 247 37
498 496 94
468 660 84
497 252 33
724 470 79
765 959 42
477 486 11
614 918 27
360 532 93
802 149 95
111 826 51
44 549 73
763 844 16
822 154 71
709 92 44
341 371 4
299 442 33
866 739 78
224 216 12
837 710 25
711 193 85
530 18 98
27 48 95
594 185 36
246 333 57
337 372 22
586 31 73
692 396 53
158 588 93
475 67 27
84 528 10
117 681 82
869 483 50
722 463 29
503 401 84
227 911 71
265 821 24
902 280 31
908 136 26
371 390 31
10 563 83
236 244 61
551 10 75
946 715 59
458 694 22
439 487 31
80 391 11
663 32 72
550 837 85
359 329 2
454 391 12
457 349 81
199 638 27
360 574 44
254 671 47
910 539 29
979 113 75
578 162 51
851 233 39
626 381 5
397 306 99
477 928 80
413 539 79
428 378 44
856 716 53
16 388 28
941 300 93
674 231 4
274 65 19
995 816 44
473 704 82
420 679 21
593 21 6
915 470 74
261 790 21
513 24 77
738 516 59
936 628 53
99 54 37
36 891 60
246 317 80
197 102 75
79 227 38
841 819 7
581 451 50
946 162 1
872 497 8
190 989 42
248 29 97
554 227 27
168 234 88
38 917 90
602 393 20
160 554 65
506 453 51
268 580 55
800 728 32
936 762 13
987 576 52
554 254 79
543 407 7
327 943 1
69 542 38
625 415 20
427 83 91
177 629 36
847 922 12
772 298 67
13 425 41
138 592 22
865 574 62
949 965 85
599 563 41
919 450 15
709 612 45
89 122 47
666 119 89
504 818 24
84 251 73
12 590 89
42 767 32
142 301 23
506 710 6
320 982 48
720 634 82
904 629 81
658 231 12
922 750 97
541 555 59
329 711 57
457 923 85
275 367 87
794 10 19
139 357 100
718 482 42
110 970 80
16 695 93
129 805 86
229 910 78
322 307 97
21 943 11
269 99 30
850 134 40
789 342 62
386 773 72
599 718 95
80 940 70
238 333 39
281 47 85
857 672 23
315 848 20
830 613 22
689 184 35
797 586 72
751 520 36
892 757 66
638 82 19
901 49 80
626 924 53
223 123 54
173 249 35
699 732 59
146 876 16
604 158 93
323 800 54
54 496 49
142 677 12
576 129 32
321 784 50
709 862 52
65 388 31
194 235 96
855 367 24
34 863 33
579 788 59
313 294 34
23 668 68
229 391 31
527 372 35
71 432 36
137 531 94
316 760 35
588 659 48
522 355 21
370 220 32
69 201 51
457 817 35
887 977 91
487 567 64
804 3 15
637 260 72
768 443 68
670 461 19
759 946 10
592 248 37
856 518 95
901 504 51
16 162 73
367 302 28
355 450 23
385 314 55
64 733 15
926 613 5
86 176 53
474 220 66
371 909 44
586 16 85
918 628 90
332 542 86
667 740 48
675 148 23
613 120 40
769 618 38
746 728 81
88 877 46
795 335 5
552 547 46
446 892 31
235 879 95
141 124 10
724 881 3
708 806 76
415 69 26
456 217 34
461 226 70
766 71 19
300 465 100
352 77 86
655 915 48
699 251 48
176 862 62
740 422 83
869 591 1
680 641 26
734 460 96
357 546 68
395 665 23
367 271 59
542 363 77
967 293 8
27 223 59
920 280 70
935 559 69
828 551 86
702 38 24
172 314 9
863 676 92
371 340 3
479 889 27
474 737 38
238 490 62
922 990 57
692 411 92
575 742 1
597 544 92
693 932 64
781 386 40
185 442 77
327 406 20
143 697 58
265 222 32
836 396 37
193 313 60
731 251 56
799 704 7
709 190 23
21 22 48
893 212 66
876 533 23
585 412 97
348 640 81
450 978 39
497 34 35
538 310 68
588 224 77
528 740 98
448 194 34
938 556 19
306 278 52
973 185 79
540 255 6
385 152 11
174 934 89
650 89 16
917 747 73
119 942 7
201 980 27
440 204 96
182 249 9
731 455 75
430 557 39
8 551 27
778 243 98
359 205 55
256 128 12
268 422 41
670 252 61
257 769 4
30 424 22
127 997 64
966 988 32
440 271 32
572 295 61
440 613 83
661 492 4
232 83 100
593 926 12
171 290 92
256 221 30
818 750 1
970 557 92
535 162 66
443 722 3
424 306 37
122 774 23
412 973 68
568 966 72
518 241 3
601 614 15
535 778 39
986 512 2
330 517 42
276 50 68
918 453 10
829 551 18
223 52 32
278 24 25
618 513 57
98 431 98
798 119 28
75 13 25
339 143 55
304 548 28
250 145 58
772 104 20
461 202 22
216 498 31
337 308 14
889 813 31
905 274 14
539 124 32
336 301 3
504 330 35
782 646 14
599 494 20
681 518 77
772 568 62
14 350 59
321 53 10
428 802 65
370 258 11
123 137 13
973 42 79
413 723 8
514 477 70
25 453 84
312 880 19
908 159 36
654 310 32
127 158 31
876 547 98
705 772 80
976 905 92
132 862 37
256 988 73
932 644 67
256 957 2
789 359 88
261 388 69
493 140 43
565 626 40
439 717 16
900 562 51
818 675 88
676 130 48
441 134 18
101 967 1
629 762 6
917 655 48
604 662 76
61 697 18
674 323 63
496 893 68
464 402 76
60 496 40
162 352 29
674 718 75
456 143 58
688 461 52
305 710 61
965 425 89
473 641 5
505 777 3
321 733 66
984 820 79
220 440 60
773 345 11
297 851 3
933 749 71
188 394 88
675 670 40
710 176 52
248 754 88
263 431 15
495 647 38
991 748 63
593 625 84
29 789 94
706 952 55
411 941 36
189 448 53
854 403 11
471 215 72
800 363 76
986 475 41
927 343 13
503 146 72
181 211 53
366 832 16
103 354 22
666 100 76
409 868 8
993 264 55
972 333 43
317 856 74
356 561 38
30 739 60
229 127 46
284 606 71
182 213 72
316 855 91
931 290 26
445 396 39
614 62 54
159 553 75
773 412 29
165 415 12
158 696 84
14 320 35
387 718 49
679 437 93
33 580 79
157 863 77
898 45 5
609 319 27
592 422 15
889 134 63
261 538 59
304 962 9
241 814 56
64 176 23
390 102 30
878 210 70
252 899 61
549 806 13
124 44 7
75 259 32
785 360 9
297 623 58
507 468 43
208 989 9
467 286 59
219 652 6
189 482 29
955 782 64
106 982 18
155 949 84
641 830 41
46 340 52
499 440 81
479 47 24
304 744 17
291 569 5
629 219 72
675 416 7
211 119 69
17 29 29
20 856 98
108 488 76
166 538 33
785 537 15
758 747 70
147 417 70
460 338 42
431 612 97
843 158 7
856 845 70
874 47 7
959 779 32
319 746 26
723 859 82
898 561 52
559 182 5
231 7 29
823 305 51
628 535 69
119 459 77
243 772 21
172 851 14
122 992 42
540 9 90
798 525 2
924 608 20
973 175 57
161 679 23
906 920 62
347 754 8
600 138 25
521 564 86
141 488 65
348 495 27
186 532 75
601 925 37
72 77 24
539 754 6
368 460 20
549 325 69
268 81 74
609 297 34
652 153 74
727 841 9
131 39 27
933 517 70
127 591 68
763 758 42
126 627 98
31 849 69
373 996 82
13 315 42
555 513 63
639 725 87
495 455 72
643 80 73
778 941 38
740 176 34
960 641 94
215 135 74
760 294 55
993 573 75
403 886 76
362 677 29
64 207 45
529 614 36
744 521 85
796 704 51
809 135 4
886 581 90
502 303 97
767 535 36
159 313 49
874 621 31
569 564 79
639 89 75
935 777 3
766 473 5
671 428 60
630 596 24
956 305 37
515 368 40
729 722 20
744 353 22
118 640 76
963 881 70
800 355 75
751 994 33
784 565 84
532 675 24
673 29 7
496 887 51
667 197 64
450 1 24
138 980 85
195 266 51
736 750 9
264 350 62
240 96 96
545 343 64
112 261 79
70 600 94
233 313 41
847 679 27
134 555 77
270 343 54
306 516 81
974 72 47
523 753 22
743 994 12
412 133 30
850 208 47
673 865 28
173 538 45
863 361 43
143 239 87
811 466 98
777 645 23
560 398 32
159 359 22
807 135 72
952 59 72
984 216 99
410 332 32
34 232 38
313 982 51
200 282 46
33 741 76
711 684 39
330 305 79
348 252 77
164 579 28
661 827 98
114 262 84
167 957 69
527 526 26
412 841 76
108 174 83
199 59 42
843 61 100
25 152 67
224 591 74
404 491 9
274 218 82
922 113 26
576 200 98
910 270 34
882 538 57
416 505 1
227 413 65
645 493 70
143 363 14
470 830 39
372 557 46
553 186 1
769 282 42
540 4 81
110 86 6
27 359 36
554 123 66
179 926 89
403 155 15
116 927 42
646 420 55
298 475 44
965 361 91
897 253 50
529 848 7
755 812 12
714 284 35
286 838 79
129 589 20
108 346 50
41 874 58
346 193 57
775 63 56
56 505 73
405 525 93
931 157 39
302 916 74
234 374 74
884 968 21
254 856 55
370 511 20
608 465 35
985 899 7
701 176 7
37 603 100
831 261 38
555 465 20
855 979 90
844 160 21
423 810 96
393 414 80
105 645 30
680 452 30
189 191 22
120 478 71
726 329 25
698 844 97
248 770 40
978 523 36
744 460 91
816 690 64
370 385 99
475 652 87
870 328 73
249 93 34
372 84 39
449 942 97
615 454 71
527 139 76
90 291 63
629 91 77
94 270 88
745 268 25
422 13 71
889 535 49
346 804 31
426 111 79
268 555 55
543 173 70
976 953 18
117 848 3
792 82 47
417 717 50
81 986 79
579 732 6
91 249 86
825 246 76
836 975 17
695 210 52
722 513 8
902 799 39
725 812 91
873 94 7
660 616 97
59 898 41
224 463 95
942 499 95
55 15 99
610 570 25
819 28 50
129 689 3
702 883 97
865 907 56
478 95 79
858 662 9
397 512 40
183 346 18
228 728 22
637 216 95
323 719 62
707 757 95
149 295 60
398 330 17
288 43 67
593 984 31
71 120 5
106 33 80
77 184 36
730 844 40
362 764 35
500 495 94
275 289 18
991 609 81
588 426 15
223 838 37
813 270 54
148 728 86
412 752 58
550 145 79
988 450 67
587 62 35
860 934 84
304 378 65
79 346 69
971 69 66
166 716 49
391 308 73
605 421 45
970 287 9
584 486 11
740 244 5
55 131 77
83 109 10
64 264 48
196 177 87
323 509 89
523 182 2
325 926 61
201 63 69
271 7 48
964 822 52
790 555 100
814 259 48
698 123 24
830 646 26
827 646 49
609 779 19
576 102 38
921 531 6
413 724 88
990 178 56
232 816 71
49 757 49
852 899 100
328 207 5
185 615 93
100 660 78
523 391 65
872 169 26
929 747 91
917 644 91
395 554 5
111 920 34
160 184 65
558 70 85
810 36 12
125 122 75
287 30 37
877 978 30
366 33 65
383 534 12
